--- multipoles on reference trajectory (rz > 0) ---
effective_length:                   609.1509800190361 mm
perpendicular_grid:                 65 points in [-12.000000,+12.000000] mm
max_fitting_error_normal            0.111/3457.216 G/G
max_fitting_error_skew              191.347/191.347 G/G
r0_for_relative_multipoles          17.5 mm
main_monomial                       n = 0, skew:False
                                       Nn(s=0)      Integ_Nn     Nn/N0(@r0)   |    Sn(s=0)      Integ_Sn     Sn/S0(@r0)  
<multipole_order n>                    [T/m^n]      [T.m/m^n]        []       |    [T/m^n]      [T.m/m^n]        []      
n=00:                                3.4200e-01    -2.0833e-01   +1.0000e+00  |      ---           ---           ---     
n=01:                                7.6120e-01    +4.0609e-01   -3.4113e-02  |      ---           ---           ---     
n=02:                                6.5407e+00    +4.3583e+00   -6.4069e-03  |      ---           ---           ---     
n=03:                                4.7407e+01    +4.5117e+00   -1.1607e-04  |      ---           ---           ---     
n=04:                                1.5905e+03    +3.6476e+02   -1.6421e-04  |      ---           ---           ---     
n=05:                                1.7864e+04    +1.4237e+04   -1.1216e-04  |      ---           ---           ---     
n=06:                                3.8564e+06    +1.8255e+06   -2.5169e-04  |      ---           ---           ---     
