--- multipoles on reference trajectory (rz > 0) ---
effective_length:                   612.2211532384139 mm
perpendicular_grid:                 65 points in [-12.000000,+12.000000] mm
max_fitting_error_normal            0.163/4850.972 G/G
max_fitting_error_skew              452.964/452.964 G/G
r0_for_relative_multipoles          17.5 mm
main_monomial                       n = 0, skew:False
                                       Nn(s=0)      Integ_Nn     Nn/N0(@r0)   |    Sn(s=0)      Integ_Sn     Sn/S0(@r0)  
<multipole_order n>                    [T/m^n]      [T.m/m^n]        []       |    [T/m^n]      [T.m/m^n]        []      
n=00:                                6.6060e-01    -4.0443e-01   +1.0000e+00  |      ---           ---           ---     
n=01:                                1.4704e+00    +7.8384e-01   -3.3917e-02  |      ---           ---           ---     
n=02:                                1.2985e+01    +8.6005e+00   -6.5126e-03  |      ---           ---           ---     
n=03:                                1.3975e+01    -3.4375e+00   +4.5552e-05  |      ---           ---           ---     
n=04:                                8.6271e+02    -1.6649e+02   +3.8609e-05  |      ---           ---           ---     
n=05:                                4.9058e+05    +7.4158e+04   -3.0096e-04  |      ---           ---           ---     
n=06:                                1.0159e+07    +5.6207e+06   -3.9918e-04  |      ---           ---           ---     
