--- multipoles on reference trajectory (rz > 0) ---
effective_length:                   609.7786054219972 mm
perpendicular_grid:                 65 points in [-12.000000,+12.000000] mm
max_fitting_error_normal            0.019/506.847 G/G
max_fitting_error_skew              29.856/29.856 G/G
r0_for_relative_multipoles          17.5 mm
main_monomial                       n = 0, skew:False
                                       Nn(s=0)      Integ_Nn     Nn/N0(@r0)   |    Sn(s=0)      Integ_Sn     Sn/S0(@r0)  
<multipole_order n>                    [T/m^n]      [T.m/m^n]        []       |    [T/m^n]      [T.m/m^n]        []      
n=00:                                5.1513e-02    -3.1412e-02   +1.0000e+00  |      ---           ---           ---     
n=01:                                1.1529e-01    +6.2012e-02   -3.4548e-02  |      ---           ---           ---     
n=02:                                9.9995e-01    +6.4800e-01   -6.3178e-03  |      ---           ---           ---     
n=03:                                1.9193e+00    +1.1099e-01   -1.8937e-05  |      ---           ---           ---     
n=04:                                1.9363e+02    +8.0087e+01   -2.3913e-04  |      ---           ---           ---     
n=05:                                2.7493e+04    +5.3154e+03   -2.7774e-04  |      ---           ---           ---     
n=06:                                2.9795e+06    +1.7699e+05   -1.6184e-04  |      ---           ---           ---     
