--- multipoles on reference trajectory (rz > 0) ---
effective_length:                   606.5322123397882 mm
perpendicular_grid:                 65 points in [-12.000000,+12.000000] mm
max_fitting_error_normal            0.310/10746.510 G/G
max_fitting_error_skew              620.063/620.063 G/G
r0_for_relative_multipoles          17.5 mm
main_monomial                       n = 0, skew:False
                                       Nn(s=0)      Integ_Nn     Nn/N0(@r0)   |    Sn(s=0)      Integ_Sn     Sn/S0(@r0)  
<multipole_order n>                    [T/m^n]      [T.m/m^n]        []       |    [T/m^n]      [T.m/m^n]        []      
n=00:                                1.0608e+00    -6.4341e-01   +1.0000e+00  |      ---           ---           ---     
n=01:                                2.3526e+00    +1.2417e+00   -3.3773e-02  |      ---           ---           ---     
n=02:                                2.0605e+01    +1.3703e+01   -6.5225e-03  |      ---           ---           ---     
n=03:                                1.0046e+02    +1.2489e+01   -1.0403e-04  |      ---           ---           ---     
n=04:                                1.1541e+04    +2.8454e+03   -4.1477e-04  |      ---           ---           ---     
n=05:                                1.4440e+04    +2.4290e+04   -6.1963e-05  |      ---           ---           ---     
n=06:                                4.2086e+07    -5.9936e+06   +2.6756e-04  |      ---           ---           ---     
