--- multipoles on reference trajectory (rz > 0) ---
effective_length:                   607.4840603767444 mm
perpendicular_grid:                 65 points in [-12.000000,+12.000000] mm
max_fitting_error_normal            0.068/1728.538 G/G
max_fitting_error_skew              95.042/95.042 G/G
r0_for_relative_multipoles          17.5 mm
main_monomial                       n = 0, skew:False
                                       Nn(s=0)      Integ_Nn     Nn/N0(@r0)   |    Sn(s=0)      Integ_Sn     Sn/S0(@r0)  
<multipole_order n>                    [T/m^n]      [T.m/m^n]        []       |    [T/m^n]      [T.m/m^n]        []      
n=00:                                1.7035e-01    -1.0348e-01   +1.0000e+00  |      ---           ---           ---     
n=01:                                3.8160e-01    +2.0359e-01   -3.4429e-02  |      ---           ---           ---     
n=02:                                3.5315e+00    +2.2227e+00   -6.5779e-03  |      ---           ---           ---     
n=03:                                6.0919e+00    +2.4979e+00   -1.2937e-04  |      ---           ---           ---     
n=04:                                3.3613e+03    -8.2593e+02   +7.4855e-04  |      ---           ---           ---     
n=05:                                1.7789e+05    +6.6886e+03   -1.0608e-04  |      ---           ---           ---     
n=06:                                1.9424e+07    +5.1942e+06   -1.4417e-03  |      ---           ---           ---     
