--- multipoles on reference trajectory (rz > 0) ---
effective_length:                   607.2907825345808 mm
perpendicular_grid:                 65 points in [-12.000000,+12.000000] mm
max_fitting_error_normal            0.197/7057.954 G/G
max_fitting_error_skew              391.023/391.023 G/G
r0_for_relative_multipoles          17.5 mm
main_monomial                       n = 0, skew:False
                                       Nn(s=0)      Integ_Nn     Nn/N0(@r0)   |    Sn(s=0)      Integ_Sn     Sn/S0(@r0)  
<multipole_order n>                    [T/m^n]      [T.m/m^n]        []       |    [T/m^n]      [T.m/m^n]        []      
n=00:                                7.0142e-01    -4.2596e-01   +1.0000e+00  |      ---           ---           ---     
n=01:                                1.5630e+00    +8.3349e-01   -3.4243e-02  |      ---           ---           ---     
n=02:                                1.4451e+01    +9.0058e+00   -6.4748e-03  |      ---           ---           ---     
n=03:                                2.5643e+01    +8.5214e+00   -1.0721e-04  |      ---           ---           ---     
n=04:                                1.4718e+04    -7.0269e+02   +1.5472e-04  |      ---           ---           ---     
n=05:                                2.8887e+05    +2.1925e+04   -8.4479e-05  |      ---           ---           ---     
n=06:                                8.8519e+07    +8.4397e+06   -5.6909e-04  |      ---           ---           ---     
