--- multipoles on reference trajectory (rz > 0) ---
effective_length:                   611.661671555096 mm
perpendicular_grid:                 65 points in [-12.000000,+12.000000] mm
max_fitting_error_normal            0.019/619.547 G/G
max_fitting_error_skew              43.963/43.963 G/G
r0_for_relative_multipoles          17.5 mm
main_monomial                       n = 0, skew:False
                                       Nn(s=0)      Integ_Nn     Nn/N0(@r0)   |    Sn(s=0)      Integ_Sn     Sn/S0(@r0)  
<multipole_order n>                    [T/m^n]      [T.m/m^n]        []       |    [T/m^n]      [T.m/m^n]        []      
n=00:                                6.1842e-02    -3.7826e-02   +1.0000e+00  |      ---           ---           ---     
n=01:                                1.3909e-01    +7.4201e-02   -3.4328e-02  |      ---           ---           ---     
n=02:                                1.2006e+00    +8.0280e-01   -6.4996e-03  |      ---           ---           ---     
n=03:                                4.7871e+00    -6.9384e-01   +9.8306e-05  |      ---           ---           ---     
n=04:                                3.1371e+01    +7.2790e+01   -1.8048e-04  |      ---           ---           ---     
n=05:                                1.2402e+03    +7.9144e+03   -3.4341e-04  |      ---           ---           ---     
n=06:                                2.5623e+06    +2.5913e+05   -1.9676e-04  |      ---           ---           ---     
