--- multipoles on reference trajectory (rz > 0) ---
effective_length:                   610.01403241075 mm
perpendicular_grid:                 65 points in [-12.000000,+12.000000] mm
max_fitting_error_normal            0.018/511.673 G/G
max_fitting_error_skew              31.675/31.675 G/G
r0_for_relative_multipoles          17.5 mm
main_monomial                       n = 0, skew:False
                                       Nn(s=0)      Integ_Nn     Nn/N0(@r0)   |    Sn(s=0)      Integ_Sn     Sn/S0(@r0)  
<multipole_order n>                    [T/m^n]      [T.m/m^n]        []       |    [T/m^n]      [T.m/m^n]        []      
n=00:                                5.1541e-02    -3.1440e-02   +1.0000e+00  |      ---           ---           ---     
n=01:                                1.1542e-01    +6.1570e-02   -3.4270e-02  |      ---           ---           ---     
n=02:                                1.0485e+00    +6.7290e-01   -6.5545e-03  |      ---           ---           ---     
n=03:                                1.3023e+00    +3.6078e-01   -6.1499e-05  |      ---           ---           ---     
n=04:                                4.1242e+02    -5.6030e+01   +1.6714e-04  |      ---           ---           ---     
n=05:                                2.1441e+04    +3.7303e+03   -1.9473e-04  |      ---           ---           ---     
n=06:                                2.9492e+06    +6.7390e+05   -6.1565e-04  |      ---           ---           ---     
