--- multipoles on reference trajectory (rz > 0) ---
effective_length:                   608.0885376134432 mm
perpendicular_grid:                 65 points in [-12.000000,+12.000000] mm
max_fitting_error_normal            0.047/1730.928 G/G
max_fitting_error_skew              97.928/97.928 G/G
r0_for_relative_multipoles          17.5 mm
main_monomial                       n = 0, skew:False
                                       Nn(s=0)      Integ_Nn     Nn/N0(@r0)   |    Sn(s=0)      Integ_Sn     Sn/S0(@r0)  
<multipole_order n>                    [T/m^n]      [T.m/m^n]        []       |    [T/m^n]      [T.m/m^n]        []      
n=00:                                1.7053e-01    -1.0370e-01   +1.0000e+00  |      ---           ---           ---     
n=01:                                3.8081e-01    +2.0250e-01   -3.4173e-02  |      ---           ---           ---     
n=02:                                3.3309e+00    +2.1884e+00   -6.4630e-03  |      ---           ---           ---     
n=03:                                1.3214e+01    +4.1335e+00   -2.1363e-04  |      ---           ---           ---     
n=04:                                8.4266e+02    +3.1955e+02   -2.8902e-04  |      ---           ---           ---     
n=05:                                1.5931e+04    -8.7270e+03   +1.3813e-04  |      ---           ---           ---     
n=06:                                2.1246e+06    -4.4720e+05   +1.2387e-04  |      ---           ---           ---     
