--- multipoles on reference trajectory (rz > 0) ---
effective_length:                   612.4617823435176 mm
perpendicular_grid:                 65 points in [-12.000000,+12.000000] mm
max_fitting_error_normal            0.114/3545.499 G/G
max_fitting_error_skew              233.498/233.498 G/G
r0_for_relative_multipoles          17.5 mm
main_monomial                       n = 0, skew:False
                                       Nn(s=0)      Integ_Nn     Nn/N0(@r0)   |    Sn(s=0)      Integ_Sn     Sn/S0(@r0)  
<multipole_order n>                    [T/m^n]      [T.m/m^n]        []       |    [T/m^n]      [T.m/m^n]        []      
n=00:                                3.4147e-01    -2.0914e-01   +1.0000e+00  |      ---           ---           ---     
n=01:                                7.6291e-01    +4.0767e-01   -3.4112e-02  |      ---           ---           ---     
n=02:                                6.3934e+00    +4.3394e+00   -6.3543e-03  |      ---           ---           ---     
n=03:                                3.9970e+01    +1.3249e+00   -3.3951e-05  |      ---           ---           ---     
n=04:                                1.7817e+03    +6.6832e+02   -2.9971e-04  |      ---           ---           ---     
n=05:                                5.5814e+04    +1.1024e+04   -8.6519e-05  |      ---           ---           ---     
n=06:                                7.1092e+06    +9.7766e+05   -1.3427e-04  |      ---           ---           ---     
