--- multipoles on reference trajectory (rz > 0) ---
effective_length:                   610.1185436260151 mm
perpendicular_grid:                 65 points in [-10.000000,+10.000000] mm
max_fitting_error_normal            0.072/3546.303 G/G
max_fitting_error_skew              3.583/3.583 G/G
r0_for_relative_multipoles          17.5 mm
main_monomial                       n = 0, skew:False
                                       Nn(s=0)      Integ_Nn     Nn/N0(@r0)   |    Sn(s=0)      Integ_Sn     Sn/S0(@r0)  
<multipole_order n>                    [T/m^n]      [T.m/m^n]        []       |    [T/m^n]      [T.m/m^n]        []      
n=00:                                3.4751e-01    -2.1202e-01   +1.0000e+00  |      ---           ---           ---     
n=01:                                7.8120e-01    +4.1542e-01   -3.4288e-02  |      ---           ---           ---     
n=02:                                6.7684e+00    +4.5751e+00   -6.6084e-03  |      ---           ---           ---     
n=03:                                6.5005e+01    -7.3579e+00   +1.8599e-04  |      ---           ---           ---     
n=04:                                1.1971e+03    -7.9562e+02   +3.5194e-04  |      ---           ---           ---     
n=05:                                5.9010e+05    +5.8326e+04   -4.5151e-04  |      ---           ---           ---     
n=06:                                4.7962e+06    +4.2125e+06   -5.7067e-04  |      ---           ---           ---     
