--- multipoles on reference trajectory (rz > 0) ---
effective_length:                   609.8027287483153 mm
perpendicular_grid:                 65 points in [-12.000000,+12.000000] mm
max_fitting_error_normal            0.016/527.601 G/G
max_fitting_error_skew              29.922/29.922 G/G
r0_for_relative_multipoles          17.5 mm
main_monomial                       n = 0, skew:False
                                       Nn(s=0)      Integ_Nn     Nn/N0(@r0)   |    Sn(s=0)      Integ_Sn     Sn/S0(@r0)  
<multipole_order n>                    [T/m^n]      [T.m/m^n]        []       |    [T/m^n]      [T.m/m^n]        []      
n=00:                                5.1493e-02    -3.1400e-02   +1.0000e+00  |      ---           ---           ---     
n=01:                                1.1492e-01    +6.1263e-02   -3.4143e-02  |      ---           ---           ---     
n=02:                                9.9706e-01    +6.6389e-01   -6.4749e-03  |      ---           ---           ---     
n=03:                                4.6006e+00    +7.3131e-01   -1.2482e-04  |      ---           ---           ---     
n=04:                                2.3254e+02    -9.5156e+00   +2.8422e-05  |      ---           ---           ---     
n=05:                                1.6266e+04    +2.0285e+03   -1.0603e-04  |      ---           ---           ---     
n=06:                                6.9908e+05    +5.9855e+05   -5.4751e-04  |      ---           ---           ---     
