--- multipoles on reference trajectory (rz > 0) ---
effective_length:                   610.7048879789863 mm
perpendicular_grid:                 65 points in [-10.000000,+10.000000] mm
max_fitting_error_normal            0.049/1755.318 G/G
max_fitting_error_skew              2.517/2.517 G/G
r0_for_relative_multipoles          17.5 mm
main_monomial                       n = 0, skew:False
                                       Nn(s=0)      Integ_Nn     Nn/N0(@r0)   |    Sn(s=0)      Integ_Sn     Sn/S0(@r0)  
<multipole_order n>                    [T/m^n]      [T.m/m^n]        []       |    [T/m^n]      [T.m/m^n]        []      
n=00:                                1.7370e-01    -1.0608e-01   +1.0000e+00  |      ---           ---           ---     
n=01:                                3.8861e-01    +2.0694e-01   -3.4138e-02  |      ---           ---           ---     
n=02:                                3.5808e+00    +2.2905e+00   -6.6126e-03  |      ---           ---           ---     
n=03:                                7.3101e+00    -6.5718e-01   +3.3202e-05  |      ---           ---           ---     
n=04:                                2.4134e+03    -5.6061e+02   +4.9565e-04  |      ---           ---           ---     
n=05:                                1.2564e+05    +2.1418e+04   -3.3139e-04  |      ---           ---           ---     
n=06:                                9.7841e+06    +3.7238e+06   -1.0083e-03  |      ---           ---           ---     
