--- multipoles on reference trajectory (rz > 0) ---
effective_length:                   609.9865908734929 mm
perpendicular_grid:                 65 points in [-12.000000,+12.000000] mm
max_fitting_error_normal            0.017/416.670 G/G
max_fitting_error_skew              29.950/29.950 G/G
r0_for_relative_multipoles          17.5 mm
main_monomial                       n = 0, skew:False
                                       Nn(s=0)      Integ_Nn     Nn/N0(@r0)   |    Sn(s=0)      Integ_Sn     Sn/S0(@r0)  
<multipole_order n>                    [T/m^n]      [T.m/m^n]        []       |    [T/m^n]      [T.m/m^n]        []      
n=00:                                4.1057e-02    -2.5044e-02   +1.0000e+00  |      ---           ---           ---     
n=01:                                9.2835e-02    +4.9282e-02   -3.4436e-02  |      ---           ---           ---     
n=02:                                7.9754e-01    +5.5473e-01   -6.7834e-03  |      ---           ---           ---     
n=03:                                5.7478e+00    -1.2695e+00   +2.7167e-04  |      ---           ---           ---     
n=04:                                3.9899e+02    -1.2671e+02   +4.7453e-04  |      ---           ---           ---     
n=05:                                4.3481e+04    +8.7163e+03   -5.7124e-04  |      ---           ---           ---     
n=06:                                8.2909e+05    +7.5394e+05   -8.6468e-04  |      ---           ---           ---     
