--- multipoles on reference trajectory (rz > 0) ---
effective_length:                   609.2624035913782 mm
perpendicular_grid:                 65 points in [-12.000000,+12.000000] mm
max_fitting_error_normal            0.016/409.390 G/G
max_fitting_error_skew              24.083/24.083 G/G
r0_for_relative_multipoles          17.5 mm
main_monomial                       n = 0, skew:False
                                       Nn(s=0)      Integ_Nn     Nn/N0(@r0)   |    Sn(s=0)      Integ_Sn     Sn/S0(@r0)  
<multipole_order n>                    [T/m^n]      [T.m/m^n]        []       |    [T/m^n]      [T.m/m^n]        []      
n=00:                                4.1082e-02    -2.5030e-02   +1.0000e+00  |      ---           ---           ---     
n=01:                                9.2011e-02    +4.9003e-02   -3.4262e-02  |      ---           ---           ---     
n=02:                                7.2817e-01    +5.2064e-01   -6.3703e-03  |      ---           ---           ---     
n=03:                                2.8547e+00    -8.8005e-02   +1.8844e-05  |      ---           ---           ---     
n=04:                                1.1056e+03    +1.6271e+02   -6.0968e-04  |      ---           ---           ---     
n=05:                                3.0482e+03    +3.6089e+03   -2.3665e-04  |      ---           ---           ---     
n=06:                                3.0751e+06    -2.6717e+05   +3.0660e-04  |      ---           ---           ---     
