--- multipoles on reference trajectory (rz > 0) ---
effective_length:                   606.7550705304146 mm
perpendicular_grid:                 65 points in [-12.000000,+12.000000] mm
max_fitting_error_normal            0.355/10676.493 G/G
max_fitting_error_skew              599.091/599.091 G/G
r0_for_relative_multipoles          17.5 mm
main_monomial                       n = 0, skew:False
                                       Nn(s=0)      Integ_Nn     Nn/N0(@r0)   |    Sn(s=0)      Integ_Sn     Sn/S0(@r0)  
<multipole_order n>                    [T/m^n]      [T.m/m^n]        []       |    [T/m^n]      [T.m/m^n]        []      
n=00:                                1.0609e+00    -6.4369e-01   +1.0000e+00  |      ---           ---           ---     
n=01:                                2.3480e+00    +1.2427e+00   -3.3785e-02  |      ---           ---           ---     
n=02:                                2.1517e+01    +1.3801e+01   -6.5663e-03  |      ---           ---           ---     
n=03:                                6.6423e+01    +6.1306e+00   -5.1044e-05  |      ---           ---           ---     
n=04:                                9.1535e+03    -6.9645e+02   +1.0148e-04  |      ---           ---           ---     
n=05:                                3.3209e+05    +4.0442e+04   -1.0312e-04  |      ---           ---           ---     
n=06:                                6.1013e+07    +1.1663e+07   -5.2044e-04  |      ---           ---           ---     
