--- multipoles on reference trajectory (rz > 0) ---
effective_length:                   609.2747960783835 mm
perpendicular_grid:                 65 points in [-12.000000,+12.000000] mm
max_fitting_error_normal            0.016/409.337 G/G
max_fitting_error_skew              24.081/24.081 G/G
r0_for_relative_multipoles          17.5 mm
main_monomial                       n = 0, skew:False
                                       Nn(s=0)      Integ_Nn     Nn/N0(@r0)   |    Sn(s=0)      Integ_Sn     Sn/S0(@r0)  
<multipole_order n>                    [T/m^n]      [T.m/m^n]        []       |    [T/m^n]      [T.m/m^n]        []      
n=00:                                4.1077e-02    -2.5027e-02   +1.0000e+00  |      ---           ---           ---     
n=01:                                9.2093e-02    +4.9063e-02   -3.4307e-02  |      ---           ---           ---     
n=02:                                7.2927e-01    +5.2050e-01   -6.3693e-03  |      ---           ---           ---     
n=03:                                3.1200e+00    -5.6021e-02   +1.1997e-05  |      ---           ---           ---     
n=04:                                1.0915e+03    +1.6690e+02   -6.2547e-04  |      ---           ---           ---     
n=05:                                1.8908e+03    +3.5567e+03   -2.3325e-04  |      ---           ---           ---     
n=06:                                2.9887e+06    -2.8585e+05   +3.2806e-04  |      ---           ---           ---     
