--- multipoles on reference trajectory (rz > 0) ---
effective_length:                   611.2030467486892 mm
perpendicular_grid:                 65 points in [-12.000000,+12.000000] mm
max_fitting_error_normal            0.027/635.051 G/G
max_fitting_error_skew              35.649/35.649 G/G
r0_for_relative_multipoles          17.5 mm
main_monomial                       n = 0, skew:False
                                       Nn(s=0)      Integ_Nn     Nn/N0(@r0)   |    Sn(s=0)      Integ_Sn     Sn/S0(@r0)  
<multipole_order n>                    [T/m^n]      [T.m/m^n]        []       |    [T/m^n]      [T.m/m^n]        []      
n=00:                                6.1886e-02    -3.7825e-02   +1.0000e+00  |      ---           ---           ---     
n=01:                                1.3843e-01    +7.4007e-02   -3.4240e-02  |      ---           ---           ---     
n=02:                                1.0844e+00    +7.8932e-01   -6.3907e-03  |      ---           ---           ---     
n=03:                                7.9218e+00    +2.6811e-01   -3.7988e-05  |      ---           ---           ---     
n=04:                                3.0810e+03    +3.5283e+02   -8.7486e-04  |      ---           ---           ---     
n=05:                                3.0484e+02    +5.3108e+03   -2.3045e-04  |      ---           ---           ---     
n=06:                                1.3618e+07    -1.0913e+06   +8.2870e-04  |      ---           ---           ---     
