--- multipoles on reference trajectory (rz > 0) ---
effective_length:                   605.7633541957873 mm
perpendicular_grid:                 65 points in [-12.000000,+12.000000] mm
max_fitting_error_normal            0.025/511.038 G/G
max_fitting_error_skew              30.306/30.306 G/G
r0_for_relative_multipoles          17.5 mm
main_monomial                       n = 0, skew:False
                                       Nn(s=0)      Integ_Nn     Nn/N0(@r0)   |    Sn(s=0)      Integ_Sn     Sn/S0(@r0)  
<multipole_order n>                    [T/m^n]      [T.m/m^n]        []       |    [T/m^n]      [T.m/m^n]        []      
n=00:                                5.1464e-02    -3.1175e-02   +1.0000e+00  |      ---           ---           ---     
n=01:                                1.1559e-01    +6.1508e-02   -3.4527e-02  |      ---           ---           ---     
n=02:                                9.6701e-01    +6.6314e-01   -6.5144e-03  |      ---           ---           ---     
n=03:                                8.7454e-01    +7.3341e-01   -1.2608e-04  |      ---           ---           ---     
n=04:                                3.4431e+02    +7.0390e+01   -2.1176e-04  |      ---           ---           ---     
n=05:                                2.7551e+04    -1.3392e+03   +7.0507e-05  |      ---           ---           ---     
n=06:                                8.2467e+05    +1.1763e+05   -1.0838e-04  |      ---           ---           ---     
