--- multipoles on reference trajectory (rz > 0) ---
effective_length:                   610.1863472485705 mm
perpendicular_grid:                 65 points in [-12.000000,+12.000000] mm
max_fitting_error_normal            0.326/10257.477 G/G
max_fitting_error_skew              616.708/616.708 G/G
r0_for_relative_multipoles          17.5 mm
main_monomial                       n = 0, skew:False
                                       Nn(s=0)      Integ_Nn     Nn/N0(@r0)   |    Sn(s=0)      Integ_Sn     Sn/S0(@r0)  
<multipole_order n>                    [T/m^n]      [T.m/m^n]        []       |    [T/m^n]      [T.m/m^n]        []      
n=00:                                1.0155e+00    -6.1965e-01   +1.0000e+00  |      ---           ---           ---     
n=01:                                2.2412e+00    +1.1934e+00   -3.3704e-02  |      ---           ---           ---     
n=02:                                2.2673e+01    +1.3177e+01   -6.5126e-03  |      ---           ---           ---     
n=03:                                1.6741e+02    +4.4087e+01   -3.8132e-04  |      ---           ---           ---     
n=04:                                4.7063e+04    -2.1500e+03   +3.2542e-04  |      ---           ---           ---     
n=05:                                1.0783e+05    -1.4204e+05   +3.7623e-04  |      ---           ---           ---     
n=06:                                2.1985e+08    +2.0552e+07   -9.5268e-04  |      ---           ---           ---     
