--- multipoles on reference trajectory (rz > 0) ---
effective_length:                   610.1713960996968 mm
perpendicular_grid:                 65 points in [-12.000000,+12.000000] mm
max_fitting_error_normal            0.027/635.278 G/G
max_fitting_error_skew              35.763/35.763 G/G
r0_for_relative_multipoles          17.5 mm
main_monomial                       n = 0, skew:False
                                       Nn(s=0)      Integ_Nn     Nn/N0(@r0)   |    Sn(s=0)      Integ_Sn     Sn/S0(@r0)  
<multipole_order n>                    [T/m^n]      [T.m/m^n]        []       |    [T/m^n]      [T.m/m^n]        []      
n=00:                                6.1918e-02    -3.7780e-02   +1.0000e+00  |      ---           ---           ---     
n=01:                                1.3797e-01    +7.3611e-02   -3.4097e-02  |      ---           ---           ---     
n=02:                                1.1497e+00    +7.7852e-01   -6.3108e-03  |      ---           ---           ---     
n=03:                                9.0261e+00    +2.9403e-01   -4.1710e-05  |      ---           ---           ---     
n=04:                                1.0068e+03    +3.9529e+02   -9.8129e-04  |      ---           ---           ---     
n=05:                                3.4947e+03    +4.2580e+03   -1.8498e-04  |      ---           ---           ---     
n=06:                                2.6611e+06    -1.1278e+06   +8.5744e-04  |      ---           ---           ---     
