--- multipoles on reference trajectory (rz > 0) ---
effective_length:                   610.2402328609376 mm
perpendicular_grid:                 65 points in [-12.000000,+12.000000] mm
max_fitting_error_normal            0.262/10391.937 G/G
max_fitting_error_skew              592.607/592.607 G/G
r0_for_relative_multipoles          17.5 mm
main_monomial                       n = 0, skew:False
                                       Nn(s=0)      Integ_Nn     Nn/N0(@r0)   |    Sn(s=0)      Integ_Sn     Sn/S0(@r0)  
<multipole_order n>                    [T/m^n]      [T.m/m^n]        []       |    [T/m^n]      [T.m/m^n]        []      
n=00:                                1.0143e+00    -6.1897e-01   +1.0000e+00  |      ---           ---           ---     
n=01:                                2.2468e+00    +1.1948e+00   -3.3781e-02  |      ---           ---           ---     
n=02:                                1.9005e+01    +1.3086e+01   -6.4747e-03  |      ---           ---           ---     
n=03:                                3.1865e+01    -2.2430e+01   +1.9421e-04  |      ---           ---           ---     
n=04:                                1.0086e+04    +2.0853e+03   -3.1598e-04  |      ---           ---           ---     
n=05:                                3.9296e+05    +1.8001e+05   -4.7734e-04  |      ---           ---           ---     
n=06:                                1.8072e+06    -3.9349e+05   +1.8260e-05  |      ---           ---           ---     
