--- multipoles on reference trajectory (rz > 0) ---
effective_length:                   611.0313140715699 mm
perpendicular_grid:                 65 points in [-12.000000,+12.000000] mm
max_fitting_error_normal            0.336/6477.180 G/G
max_fitting_error_skew              661.399/661.399 G/G
r0_for_relative_multipoles          17.5 mm
main_monomial                       n = 0, skew:False
                                       Nn(s=0)      Integ_Nn     Nn/N0(@r0)   |    Sn(s=0)      Integ_Sn     Sn/S0(@r0)  
<multipole_order n>                    [T/m^n]      [T.m/m^n]        []       |    [T/m^n]      [T.m/m^n]        []      
n=00:                                9.6698e-01    -5.9086e-01   +1.0000e+00  |      ---           ---           ---     
n=01:                                2.1531e+00    +1.1438e+00   -3.3877e-02  |      ---           ---           ---     
n=02:                                2.0254e+01    +1.2496e+01   -6.4769e-03  |      ---           ---           ---     
n=03:                                9.0744e+01    +2.3956e+01   -2.1729e-04  |      ---           ---           ---     
n=04:                                2.0689e+04    +4.5622e+02   -7.2417e-05  |      ---           ---           ---     
n=05:                                4.6941e+04    -5.4929e+04   +1.5259e-04  |      ---           ---           ---     
n=06:                                1.1936e+08    +8.3836e+06   -4.0755e-04  |      ---           ---           ---     
