--- multipoles on reference trajectory (rz > 0) ---
effective_length:                   607.5171951261052 mm
perpendicular_grid:                 65 points in [-12.000000,+12.000000] mm
max_fitting_error_normal            0.113/4429.221 G/G
max_fitting_error_skew              286.261/286.261 G/G
r0_for_relative_multipoles          17.5 mm
main_monomial                       n = 0, skew:False
                                       Nn(s=0)      Integ_Nn     Nn/N0(@r0)   |    Sn(s=0)      Integ_Sn     Sn/S0(@r0)  
<multipole_order n>                    [T/m^n]      [T.m/m^n]        []       |    [T/m^n]      [T.m/m^n]        []      
n=00:                                5.1652e-01    -3.1380e-01   +1.0000e+00  |      ---           ---           ---     
n=01:                                1.1528e+00    +6.1462e-01   -3.4277e-02  |      ---           ---           ---     
n=02:                                1.0433e+01    +6.6949e+00   -6.5339e-03  |      ---           ---           ---     
n=03:                                1.1024e+01    +3.7960e+00   -6.4833e-05  |      ---           ---           ---     
n=04:                                3.3616e+03    -7.9390e+02   +2.3729e-04  |      ---           ---           ---     
n=05:                                4.1589e+05    +4.6666e+04   -2.4409e-04  |      ---           ---           ---     
n=06:                                2.8668e+07    +6.7427e+06   -6.1718e-04  |      ---           ---           ---     
