--- multipoles on reference trajectory (rz > 0) ---
effective_length:                   607.3215016309957 mm
perpendicular_grid:                 65 points in [-12.000000,+12.000000] mm
max_fitting_error_normal            0.390/9807.136 G/G
max_fitting_error_skew              566.543/566.543 G/G
r0_for_relative_multipoles          17.5 mm
main_monomial                       n = 0, skew:False
                                       Nn(s=0)      Integ_Nn     Nn/N0(@r0)   |    Sn(s=0)      Integ_Sn     Sn/S0(@r0)  
<multipole_order n>                    [T/m^n]      [T.m/m^n]        []       |    [T/m^n]      [T.m/m^n]        []      
n=00:                                9.6724e-01    -5.8743e-01   +1.0000e+00  |      ---           ---           ---     
n=01:                                2.1395e+00    +1.1367e+00   -3.3864e-02  |      ---           ---           ---     
n=02:                                1.8467e+01    +1.2255e+01   -6.3892e-03  |      ---           ---           ---     
n=03:                                1.8948e+02    +3.0665e+01   -2.7977e-04  |      ---           ---           ---     
n=04:                                2.2962e+02    +2.8386e+03   -4.5321e-04  |      ---           ---           ---     
n=05:                                3.9911e+05    -1.0899e+05   +3.0454e-04  |      ---           ---           ---     
n=06:                                3.4748e+07    -4.1504e+06   +2.0294e-04  |      ---           ---           ---     
