--- multipoles on reference trajectory (rz > 0) ---
effective_length:                   610.252795196052 mm
perpendicular_grid:                 65 points in [-12.000000,+12.000000] mm
max_fitting_error_normal            0.259/10391.006 G/G
max_fitting_error_skew              592.546/592.546 G/G
r0_for_relative_multipoles          17.5 mm
main_monomial                       n = 0, skew:False
                                       Nn(s=0)      Integ_Nn     Nn/N0(@r0)   |    Sn(s=0)      Integ_Sn     Sn/S0(@r0)  
<multipole_order n>                    [T/m^n]      [T.m/m^n]        []       |    [T/m^n]      [T.m/m^n]        []      
n=00:                                1.0142e+00    -6.1891e-01   +1.0000e+00  |      ---           ---           ---     
n=01:                                2.2489e+00    +1.1963e+00   -3.3827e-02  |      ---           ---           ---     
n=02:                                1.9001e+01    +1.3078e+01   -6.4715e-03  |      ---           ---           ---     
n=03:                                3.4607e+01    -2.2071e+01   +1.9112e-04  |      ---           ---           ---     
n=04:                                1.0450e+04    +2.2344e+03   -3.3860e-04  |      ---           ---           ---     
n=05:                                3.9012e+05    +1.8077e+05   -4.7938e-04  |      ---           ---           ---     
n=06:                                3.2819e+05    -9.6819e+05   +4.4933e-05  |      ---           ---           ---     
