--- multipoles on reference trajectory (rz > 0) ---
effective_length:                   612.1174959348328 mm
perpendicular_grid:                 65 points in [-12.000000,+12.000000] mm
max_fitting_error_normal            0.230/7614.946 G/G
max_fitting_error_skew              509.932/509.932 G/G
r0_for_relative_multipoles          17.5 mm
main_monomial                       n = 0, skew:False
                                       Nn(s=0)      Integ_Nn     Nn/N0(@r0)   |    Sn(s=0)      Integ_Sn     Sn/S0(@r0)  
<multipole_order n>                    [T/m^n]      [T.m/m^n]        []       |    [T/m^n]      [T.m/m^n]        []      
n=00:                                7.4238e-01    -4.5442e-01   +1.0000e+00  |      ---           ---           ---     
n=01:                                1.6474e+00    +8.7984e-01   -3.3883e-02  |      ---           ---           ---     
n=02:                                1.3147e+01    +9.3239e+00   -6.2836e-03  |      ---           ---           ---     
n=03:                                1.1881e+02    +1.1239e+01   -1.3255e-04  |      ---           ---           ---     
n=04:                                2.5164e+04    +3.8158e+03   -7.8756e-04  |      ---           ---           ---     
n=05:                                1.0449e+05    +2.5797e+04   -9.3174e-05  |      ---           ---           ---     
n=06:                                9.0577e+07    -7.4892e+06   +4.7337e-04  |      ---           ---           ---     
