--- multipoles on reference trajectory (rz > 0) ---
effective_length:                   610.3668860768325 mm
perpendicular_grid:                 65 points in [-12.000000,+12.000000] mm
max_fitting_error_normal            0.023/412.579 G/G
max_fitting_error_skew              23.969/23.969 G/G
r0_for_relative_multipoles          17.5 mm
main_monomial                       n = 0, skew:False
                                       Nn(s=0)      Integ_Nn     Nn/N0(@r0)   |    Sn(s=0)      Integ_Sn     Sn/S0(@r0)  
<multipole_order n>                    [T/m^n]      [T.m/m^n]        []       |    [T/m^n]      [T.m/m^n]        []      
n=00:                                4.1051e-02    -2.5056e-02   +1.0000e+00  |      ---           ---           ---     
n=01:                                9.2292e-02    +4.9286e-02   -3.4423e-02  |      ---           ---           ---     
n=02:                                9.0505e-01    +5.4804e-01   -6.6985e-03  |      ---           ---           ---     
n=03:                                3.2568e+00    +1.0942e+00   -2.3405e-04  |      ---           ---           ---     
n=04:                                1.0564e+03    -1.8398e+02   +6.8867e-04  |      ---           ---           ---     
n=05:                                1.0228e+04    -1.7754e+03   +1.1630e-04  |      ---           ---           ---     
n=06:                                4.1565e+06    +1.1598e+06   -1.3296e-03  |      ---           ---           ---     
