--- multipoles on reference trajectory (rz > 0) ---
effective_length:                   606.9030636949097 mm
perpendicular_grid:                 65 points in [-12.000000,+12.000000] mm
max_fitting_error_normal            0.016/418.708 G/G
max_fitting_error_skew              23.793/23.793 G/G
r0_for_relative_multipoles          17.5 mm
main_monomial                       n = 0, skew:False
                                       Nn(s=0)      Integ_Nn     Nn/N0(@r0)   |    Sn(s=0)      Integ_Sn     Sn/S0(@r0)  
<multipole_order n>                    [T/m^n]      [T.m/m^n]        []       |    [T/m^n]      [T.m/m^n]        []      
n=00:                                4.1093e-02    -2.4939e-02   +1.0000e+00  |      ---           ---           ---     
n=01:                                9.2296e-02    +4.9139e-02   -3.4481e-02  |      ---           ---           ---     
n=02:                                8.4333e-01    +5.4169e-01   -6.6519e-03  |      ---           ---           ---     
n=03:                                6.2992e-02    +1.0204e+00   -2.1928e-04  |      ---           ---           ---     
n=04:                                4.6482e+02    -2.1475e+02   +8.0759e-04  |      ---           ---           ---     
n=05:                                2.5856e+04    -1.8941e+03   +1.2465e-04  |      ---           ---           ---     
n=06:                                2.1834e+06    +1.2101e+06   -1.3937e-03  |      ---           ---           ---     
