--- multipoles on reference trajectory (rz > 0) ---
effective_length:                   607.7916731417275 mm
perpendicular_grid:                 65 points in [-12.000000,+12.000000] mm
max_fitting_error_normal            0.020/625.405 G/G
max_fitting_error_skew              35.386/35.386 G/G
r0_for_relative_multipoles          17.5 mm
main_monomial                       n = 0, skew:False
                                       Nn(s=0)      Integ_Nn     Nn/N0(@r0)   |    Sn(s=0)      Integ_Sn     Sn/S0(@r0)  
<multipole_order n>                    [T/m^n]      [T.m/m^n]        []       |    [T/m^n]      [T.m/m^n]        []      
n=00:                                6.1947e-02    -3.7651e-02   +1.0000e+00  |      ---           ---           ---     
n=01:                                1.3864e-01    +7.3949e-02   -3.4371e-02  |      ---           ---           ---     
n=02:                                1.2197e+00    +7.7727e-01   -6.3223e-03  |      ---           ---           ---     
n=03:                                6.5653e+00    +5.3920e-01   -7.6752e-05  |      ---           ---           ---     
n=04:                                1.7865e+02    +2.4787e+02   -6.1744e-04  |      ---           ---           ---     
n=05:                                1.2076e+04    +3.6394e+03   -1.5865e-04  |      ---           ---           ---     
n=06:                                2.9990e+06    -2.2413e+05   +1.7098e-04  |      ---           ---           ---     
