--- multipoles on reference trajectory (rz > 0) ---
effective_length:                   612.5297386978698 mm
perpendicular_grid:                 65 points in [-12.000000,+12.000000] mm
max_fitting_error_normal            0.137/2958.135 G/G
max_fitting_error_skew              193.349/193.349 G/G
r0_for_relative_multipoles          17.5 mm
main_monomial                       n = 0, skew:False
                                       Nn(s=0)      Integ_Nn     Nn/N0(@r0)   |    Sn(s=0)      Integ_Sn     Sn/S0(@r0)  
<multipole_order n>                    [T/m^n]      [T.m/m^n]        []       |    [T/m^n]      [T.m/m^n]        []      
n=00:                                3.4172e-01    -2.0931e-01   +1.0000e+00  |      ---           ---           ---     
n=01:                                7.6261e-01    +4.0728e-01   -3.4051e-02  |      ---           ---           ---     
n=02:                                7.1094e+00    +4.4899e+00   -6.5693e-03  |      ---           ---           ---     
n=03:                                1.8569e+01    +3.3080e+00   -8.4700e-05  |      ---           ---           ---     
n=04:                                6.3709e+03    -6.7432e+02   +3.0215e-04  |      ---           ---           ---     
n=05:                                8.1135e+04    +9.5225e+03   -7.4669e-05  |      ---           ---           ---     
n=06:                                3.4677e+07    +5.6646e+06   -7.7733e-04  |      ---           ---           ---     
