--- multipoles on reference trajectory (rz > 0) ---
effective_length:                   606.8246938340294 mm
perpendicular_grid:                 65 points in [-12.000000,+12.000000] mm
max_fitting_error_normal            0.020/634.318 G/G
max_fitting_error_skew              35.785/35.785 G/G
r0_for_relative_multipoles          17.5 mm
main_monomial                       n = 0, skew:False
                                       Nn(s=0)      Integ_Nn     Nn/N0(@r0)   |    Sn(s=0)      Integ_Sn     Sn/S0(@r0)  
<multipole_order n>                    [T/m^n]      [T.m/m^n]        []       |    [T/m^n]      [T.m/m^n]        []      
n=00:                                6.1842e-02    -3.7527e-02   +1.0000e+00  |      ---           ---           ---     
n=01:                                1.3909e-01    +7.4198e-02   -3.4601e-02  |      ---           ---           ---     
n=02:                                1.2006e+00    +7.9243e-01   -6.4668e-03  |      ---           ---           ---     
n=03:                                4.7871e+00    +5.0554e-01   -7.2198e-05  |      ---           ---           ---     
n=04:                                3.1371e+01    +1.4545e+02   -3.6352e-04  |      ---           ---           ---     
n=05:                                1.2402e+03    +1.4027e+03   -6.1350e-05  |      ---           ---           ---     
n=06:                                2.5623e+06    -2.1967e+05   +1.6813e-04  |      ---           ---           ---     
