--- multipoles on reference trajectory (rz > 0) ---
effective_length:                   611.1822392712103 mm
perpendicular_grid:                 65 points in [-12.000000,+12.000000] mm
max_fitting_error_normal            0.276/9915.493 G/G
max_fitting_error_skew              556.099/556.099 G/G
r0_for_relative_multipoles          17.5 mm
main_monomial                       n = 0, skew:False
                                       Nn(s=0)      Integ_Nn     Nn/N0(@r0)   |    Sn(s=0)      Integ_Sn     Sn/S0(@r0)  
<multipole_order n>                    [T/m^n]      [T.m/m^n]        []       |    [T/m^n]      [T.m/m^n]        []      
n=00:                                9.6742e-01    -5.9127e-01   +1.0000e+00  |      ---           ---           ---     
n=01:                                2.1510e+00    +1.1473e+00   -3.3957e-02  |      ---           ---           ---     
n=02:                                1.8898e+01    +1.2448e+01   -6.4475e-03  |      ---           ---           ---     
n=03:                                1.0477e+02    -3.9676e+00   +3.5963e-05  |      ---           ---           ---     
n=04:                                5.4428e+03    +1.3268e+03   -2.1046e-04  |      ---           ---           ---     
n=05:                                2.5395e+04    +8.2106e+04   -2.2792e-04  |      ---           ---           ---     
n=06:                                1.6543e+07    +2.0139e+06   -9.7832e-05  |      ---           ---           ---     
