--- multipoles on reference trajectory (rz > 0) ---
effective_length:                   606.275171609953 mm
perpendicular_grid:                 65 points in [-12.000000,+12.000000] mm
max_fitting_error_normal            0.016/412.833 G/G
max_fitting_error_skew              24.466/24.466 G/G
r0_for_relative_multipoles          17.5 mm
main_monomial                       n = 0, skew:False
                                       Nn(s=0)      Integ_Nn     Nn/N0(@r0)   |    Sn(s=0)      Integ_Sn     Sn/S0(@r0)  
<multipole_order n>                    [T/m^n]      [T.m/m^n]        []       |    [T/m^n]      [T.m/m^n]        []      
n=00:                                4.1053e-02    -2.4889e-02   +1.0000e+00  |      ---           ---           ---     
n=01:                                9.2909e-02    +4.9365e-02   -3.4709e-02  |      ---           ---           ---     
n=02:                                7.9752e-01    +5.4431e-01   -6.6975e-03  |      ---           ---           ---     
n=03:                                5.6862e+00    -7.7801e-01   +1.6753e-04  |      ---           ---           ---     
n=04:                                3.8993e+02    -4.4476e+01   +1.6760e-04  |      ---           ---           ---     
n=05:                                4.3352e+04    +6.6037e+03   -4.3548e-04  |      ---           ---           ---     
n=06:                                7.1735e+05    +4.0859e+05   -4.7152e-04  |      ---           ---           ---     
