--- multipoles on reference trajectory (rz > 0) ---
effective_length:                   610.2311268244104 mm
perpendicular_grid:                 65 points in [-12.000000,+12.000000] mm
max_fitting_error_normal            0.361/10221.257 G/G
max_fitting_error_skew              599.277/599.277 G/G
r0_for_relative_multipoles          17.5 mm
main_monomial                       n = 0, skew:False
                                       Nn(s=0)      Integ_Nn     Nn/N0(@r0)   |    Sn(s=0)      Integ_Sn     Sn/S0(@r0)  
<multipole_order n>                    [T/m^n]      [T.m/m^n]        []       |    [T/m^n]      [T.m/m^n]        []      
n=00:                                1.0154e+00    -6.1961e-01   +1.0000e+00  |      ---           ---           ---     
n=01:                                2.2419e+00    +1.1948e+00   -3.3745e-02  |      ---           ---           ---     
n=02:                                2.0504e+01    +1.3043e+01   -6.4468e-03  |      ---           ---           ---     
n=03:                                1.6251e+02    +1.8165e+01   -1.5712e-04  |      ---           ---           ---     
n=04:                                1.6317e+04    +5.6195e+02   -8.5061e-05  |      ---           ---           ---     
n=05:                                1.9257e+05    -3.1286e+04   +8.2876e-05  |      ---           ---           ---     
n=06:                                1.0929e+08    +1.0218e+07   -4.7367e-04  |      ---           ---           ---     
