--- multipoles on reference trajectory (rz > 0) ---
effective_length:                   612.3883495380601 mm
perpendicular_grid:                 65 points in [-12.000000,+12.000000] mm
max_fitting_error_normal            0.136/5321.865 G/G
max_fitting_error_skew              353.376/353.376 G/G
r0_for_relative_multipoles          17.5 mm
main_monomial                       n = 0, skew:False
                                       Nn(s=0)      Integ_Nn     Nn/N0(@r0)   |    Sn(s=0)      Integ_Sn     Sn/S0(@r0)  
<multipole_order n>                    [T/m^n]      [T.m/m^n]        []       |    [T/m^n]      [T.m/m^n]        []      
n=00:                                5.1652e-01    -3.1631e-01   +1.0000e+00  |      ---           ---           ---     
n=01:                                1.1528e+00    +6.1478e-01   -3.4013e-02  |      ---           ---           ---     
n=02:                                1.0433e+01    +6.6705e+00   -6.4584e-03  |      ---           ---           ---     
n=03:                                1.1024e+01    +1.3261e+00   -2.2468e-05  |      ---           ---           ---     
n=04:                                3.3616e+03    +7.5904e+01   -2.2506e-05  |      ---           ---           ---     
n=05:                                4.1589e+05    +5.1844e+04   -2.6901e-04  |      ---           ---           ---     
n=06:                                2.8668e+07    +4.7975e+06   -4.3564e-04  |      ---           ---           ---     
