--- multipoles on reference trajectory (rz > 0) ---
effective_length:                   605.7948365835538 mm
perpendicular_grid:                 65 points in [-12.000000,+12.000000] mm
max_fitting_error_normal            0.343/10111.456 G/G
max_fitting_error_skew              567.672/567.672 G/G
r0_for_relative_multipoles          17.5 mm
main_monomial                       n = 0, skew:False
                                       Nn(s=0)      Integ_Nn     Nn/N0(@r0)   |    Sn(s=0)      Integ_Sn     Sn/S0(@r0)  
<multipole_order n>                    [T/m^n]      [T.m/m^n]        []       |    [T/m^n]      [T.m/m^n]        []      
n=00:                                1.0145e+00    -6.1458e-01   +1.0000e+00  |      ---           ---           ---     
n=01:                                2.2584e+00    +1.2013e+00   -3.4206e-02  |      ---           ---           ---     
n=02:                                1.9430e+01    +1.2913e+01   -6.4348e-03  |      ---           ---           ---     
n=03:                                1.1788e+02    +1.3653e+01   -1.1906e-04  |      ---           ---           ---     
n=04:                                7.8454e+03    +1.4704e+03   -2.2439e-04  |      ---           ---           ---     
n=05:                                4.6982e+04    +3.2969e+03   -8.8048e-06  |      ---           ---           ---     
n=06:                                2.0090e+07    +1.0814e+06   -5.0540e-05  |      ---           ---           ---     
