--- multipoles on reference trajectory (rz > 0) ---
effective_length:                   610.3543287001398 mm
perpendicular_grid:                 65 points in [-12.000000,+12.000000] mm
max_fitting_error_normal            0.024/412.630 G/G
max_fitting_error_skew              23.972/23.972 G/G
r0_for_relative_multipoles          17.5 mm
main_monomial                       n = 0, skew:False
                                       Nn(s=0)      Integ_Nn     Nn/N0(@r0)   |    Sn(s=0)      Integ_Sn     Sn/S0(@r0)  
<multipole_order n>                    [T/m^n]      [T.m/m^n]        []       |    [T/m^n]      [T.m/m^n]        []      
n=00:                                4.1056e-02    -2.5059e-02   +1.0000e+00  |      ---           ---           ---     
n=01:                                9.2191e-02    +4.9224e-02   -3.4376e-02  |      ---           ---           ---     
n=02:                                9.0566e-01    +5.4778e-01   -6.6946e-03  |      ---           ---           ---     
n=03:                                3.4897e+00    +1.1071e+00   -2.3678e-04  |      ---           ---           ---     
n=04:                                1.0881e+03    -1.8160e+02   +6.7969e-04  |      ---           ---           ---     
n=05:                                8.8593e+03    -1.9568e+03   +1.2817e-04  |      ---           ---           ---     
n=06:                                4.3261e+06    +1.1491e+06   -1.3172e-03  |      ---           ---           ---     
