--- multipoles on reference trajectory (rz > 0) ---
effective_length:                   607.3861295739111 mm
perpendicular_grid:                 65 points in [-12.000000,+12.000000] mm
max_fitting_error_normal            0.366/10082.407 G/G
max_fitting_error_skew              588.553/588.553 G/G
r0_for_relative_multipoles          17.5 mm
main_monomial                       n = 0, skew:False
                                       Nn(s=0)      Integ_Nn     Nn/N0(@r0)   |    Sn(s=0)      Integ_Sn     Sn/S0(@r0)  
<multipole_order n>                    [T/m^n]      [T.m/m^n]        []       |    [T/m^n]      [T.m/m^n]        []      
n=00:                                1.0155e+00    -6.1680e-01   +1.0000e+00  |      ---           ---           ---     
n=01:                                2.2412e+00    +1.1889e+00   -3.3733e-02  |      ---           ---           ---     
n=02:                                2.2673e+01    +1.3156e+01   -6.5323e-03  |      ---           ---           ---     
n=03:                                1.6741e+02    +5.6728e+01   -4.9291e-04  |      ---           ---           ---     
n=04:                                4.7063e+04    -3.0103e+03   +4.5773e-04  |      ---           ---           ---     
n=05:                                1.0783e+05    -2.0420e+05   +5.4336e-04  |      ---           ---           ---     
n=06:                                2.1985e+08    +2.5208e+07   -1.1739e-03  |      ---           ---           ---     
