--- multipoles on reference trajectory (rz > 0) ---
perpendicular_grid:                 65 points in [-16.000000,+16.000000] mm
max_fitting_error                   0.930/9839.882 G/G
r0_for_relative_multipoles          17.5 mm
                                     MaxAbs_Nn     Integ_Nn    Nn/N0(@r0)  |  MaxAbs_Sn     Integ_Sn    Sn/S0(@r0) 
<multipole_order n>                   [T/m^n]     [T.m/m^n]        []      |   [T/m^n]     [T.m/m^n]        []     
n=00:                                1.060e+00    -6.287e-01  +1.0000e+00  |  5.237e-14    +2.219e-17   -3.530e-17 
n=01:                                2.734e+00    +1.238e+00  -3.4465e-02  |  7.185e-12    -2.610e-15   +7.265e-17 
n=02:                                2.680e+01    +1.285e+01  -6.2612e-03  |  4.941e-09    -2.453e-12   +1.195e-15 
n=03:                                5.826e+02    +3.819e+00  -3.2554e-05  |  8.232e-08    -7.675e-11   +6.542e-16 
n=04:                                5.917e+04    +1.451e+03  -2.1639e-04  |  3.942e-05    +1.934e-08   -2.885e-15 
n=05:                                1.477e+06    +5.190e+04  -1.3548e-04  |  5.097e-04    +3.793e-07   -9.900e-16 
n=06:                                1.202e+08    +3.021e+06  -1.3800e-04  |  8.088e-02    -3.841e-05   +1.755e-15 
