--- multipoles on reference trajectory (rz > 0) ---
effective_length:                   611.5105338572605 mm
perpendicular_grid:                 65 points in [-12.000000,+12.000000] mm
max_fitting_error_normal            0.052/1728.925 G/G
max_fitting_error_skew              98.985/98.985 G/G
r0_for_relative_multipoles          17.5 mm
main_monomial                       n = 0, skew:False
                                       Nn(s=0)      Integ_Nn     Nn/N0(@r0)   |    Sn(s=0)      Integ_Sn     Sn/S0(@r0)  
<multipole_order n>                    [T/m^n]      [T.m/m^n]        []       |    [T/m^n]      [T.m/m^n]        []      
n=00:                                1.7064e-01    -1.0435e-01   +1.0000e+00  |      ---           ---           ---     
n=01:                                3.7999e-01    +2.0343e-01   -3.4117e-02  |      ---           ---           ---     
n=02:                                3.5596e+00    +2.2156e+00   -6.5026e-03  |      ---           ---           ---     
n=03:                                1.3915e+01    +2.3285e+00   -1.1960e-04  |      ---           ---           ---     
n=04:                                2.8140e+03    -1.4173e+02   +1.2739e-04  |      ---           ---           ---     
n=05:                                3.2864e+04    +5.3162e+03   -8.3620e-05  |      ---           ---           ---     
n=06:                                1.4370e+07    +2.0796e+06   -5.7243e-04  |      ---           ---           ---     
