--- multipoles on reference trajectory (rz > 0) ---
effective_length:                   610.1853669534269 mm
perpendicular_grid:                 65 points in [-12.000000,+12.000000] mm
max_fitting_error_normal            0.349/10632.216 G/G
max_fitting_error_skew              613.787/613.787 G/G
r0_for_relative_multipoles          17.5 mm
main_monomial                       n = 0, skew:False
                                       Nn(s=0)      Integ_Nn     Nn/N0(@r0)   |    Sn(s=0)      Integ_Sn     Sn/S0(@r0)  
<multipole_order n>                    [T/m^n]      [T.m/m^n]        []       |    [T/m^n]      [T.m/m^n]        []      
n=00:                                1.0600e+00    -6.4682e-01   +1.0000e+00  |      ---           ---           ---     
n=01:                                2.3577e+00    +1.2511e+00   -3.3850e-02  |      ---           ---           ---     
n=02:                                2.0424e+01    +1.3894e+01   -6.5785e-03  |      ---           ---           ---     
n=03:                                5.6968e+01    +1.1567e+01   -9.5842e-05  |      ---           ---           ---     
n=04:                                2.7689e+03    -2.3581e+03   +3.4192e-04  |      ---           ---           ---     
n=05:                                4.9021e+05    -2.7258e+04   +6.9167e-05  |      ---           ---           ---     
n=06:                                1.2216e+07    +2.2569e+07   -1.0022e-03  |      ---           ---           ---     
