--- multipoles on reference trajectory (rz > 0) ---
effective_length:                   606.9907547516694 mm
perpendicular_grid:                 65 points in [-12.000000,+12.000000] mm
max_fitting_error_normal            0.280/8433.834 G/G
max_fitting_error_skew              460.990/460.990 G/G
r0_for_relative_multipoles          17.5 mm
main_monomial                       n = 0, skew:False
                                       Nn(s=0)      Integ_Nn     Nn/N0(@r0)   |    Sn(s=0)      Integ_Sn     Sn/S0(@r0)  
<multipole_order n>                    [T/m^n]      [T.m/m^n]        []       |    [T/m^n]      [T.m/m^n]        []      
n=00:                                8.2413e-01    -5.0024e-01   +1.0000e+00  |      ---           ---           ---     
n=01:                                1.8343e+00    +9.7666e-01   -3.4167e-02  |      ---           ---           ---     
n=02:                                1.6393e+01    +1.0467e+01   -6.4078e-03  |      ---           ---           ---     
n=03:                                6.3863e+01    +6.6385e+00   -7.1122e-05  |      ---           ---           ---     
n=04:                                5.5627e+03    +2.6619e+03   -4.9908e-04  |      ---           ---           ---     
n=05:                                1.4974e+05    -1.5852e+03   +5.2013e-06  |      ---           ---           ---     
n=06:                                5.3376e+07    -5.9324e+06   +3.4063e-04  |      ---           ---           ---     
