--- multipoles on reference trajectory (rz > 0) ---
effective_length:                   610.1753881347653 mm
perpendicular_grid:                 65 points in [-12.000000,+12.000000] mm
max_fitting_error_normal            0.286/10198.743 G/G
max_fitting_error_skew              581.907/581.907 G/G
r0_for_relative_multipoles          17.5 mm
main_monomial                       n = 0, skew:False
                                       Nn(s=0)      Integ_Nn     Nn/N0(@r0)   |    Sn(s=0)      Integ_Sn     Sn/S0(@r0)  
<multipole_order n>                    [T/m^n]      [T.m/m^n]        []       |    [T/m^n]      [T.m/m^n]        []      
n=00:                                1.0150e+00    -6.1936e-01   +1.0000e+00  |      ---           ---           ---     
n=01:                                2.2556e+00    +1.1941e+00   -3.3740e-02  |      ---           ---           ---     
n=02:                                1.8586e+01    +1.3274e+01   -6.5633e-03  |      ---           ---           ---     
n=03:                                4.8933e+01    -2.0910e+00   +1.8093e-05  |      ---           ---           ---     
n=04:                                2.1343e+04    -1.8353e+03   +2.7792e-04  |      ---           ---           ---     
n=05:                                9.6579e+05    +6.2219e+04   -1.6488e-04  |      ---           ---           ---     
n=06:                                7.4467e+07    +1.8267e+07   -8.4715e-04  |      ---           ---           ---     
