--- multipoles on reference trajectory (rz > 0) ---
effective_length:                   610.4107676161966 mm
perpendicular_grid:                 65 points in [-10.000000,+10.000000] mm
max_fitting_error_normal            0.192/7344.126 G/G
max_fitting_error_skew              9.480/9.480 G/G
r0_for_relative_multipoles          17.5 mm
main_monomial                       n = 0, skew:False
                                       Nn(s=0)      Integ_Nn     Nn/N0(@r0)   |    Sn(s=0)      Integ_Sn     Sn/S0(@r0)  
<multipole_order n>                    [T/m^n]      [T.m/m^n]        []       |    [T/m^n]      [T.m/m^n]        []      
n=00:                                7.1453e-01    -4.3616e-01   +1.0000e+00  |      ---           ---           ---     
n=01:                                1.6095e+00    +8.5955e-01   -3.4488e-02  |      ---           ---           ---     
n=02:                                1.2549e+01    +9.5205e+00   -6.6849e-03  |      ---           ---           ---     
n=03:                                5.0718e+01    -2.2391e+01   +2.7513e-04  |      ---           ---           ---     
n=04:                                2.9688e+04    +1.6830e+03   -3.6190e-04  |      ---           ---           ---     
n=05:                                1.5358e+05    +7.9109e+04   -2.9769e-04  |      ---           ---           ---     
n=06:                                1.5518e+08    -4.5722e+06   +3.0110e-04  |      ---           ---           ---     
