--- multipoles on reference trajectory (rz > 0) ---
effective_length:                   607.2852067023402 mm
perpendicular_grid:                 65 points in [-12.000000,+12.000000] mm
max_fitting_error_normal            0.197/7058.591 G/G
max_fitting_error_skew              391.034/391.034 G/G
r0_for_relative_multipoles          17.5 mm
main_monomial                       n = 0, skew:False
                                       Nn(s=0)      Integ_Nn     Nn/N0(@r0)   |    Sn(s=0)      Integ_Sn     Sn/S0(@r0)  
<multipole_order n>                    [T/m^n]      [T.m/m^n]        []       |    [T/m^n]      [T.m/m^n]        []      
n=00:                                7.0149e-01    -4.2600e-01   +1.0000e+00  |      ---           ---           ---     
n=01:                                1.5617e+00    +8.3292e-01   -3.4216e-02  |      ---           ---           ---     
n=02:                                1.4442e+01    +9.0039e+00   -6.4728e-03  |      ---           ---           ---     
n=03:                                2.6101e+01    +8.6439e+00   -1.0874e-04  |      ---           ---           ---     
n=04:                                1.4658e+04    -6.6495e+02   +1.4639e-04  |      ---           ---           ---     
n=05:                                2.8119e+05    +2.0033e+04   -7.7184e-05  |      ---           ---           ---     
n=06:                                8.7781e+07    +8.2051e+06   -5.5322e-04  |      ---           ---           ---     
