--- multipoles on reference trajectory (rz > 0) ---
effective_length:                   607.6659868157902 mm
perpendicular_grid:                 65 points in [-12.000000,+12.000000] mm
max_fitting_error_normal            0.288/10093.714 G/G
max_fitting_error_skew              580.665/580.665 G/G
r0_for_relative_multipoles          17.5 mm
main_monomial                       n = 0, skew:False
                                       Nn(s=0)      Integ_Nn     Nn/N0(@r0)   |    Sn(s=0)      Integ_Sn     Sn/S0(@r0)  
<multipole_order n>                    [T/m^n]      [T.m/m^n]        []       |    [T/m^n]      [T.m/m^n]        []      
n=00:                                1.0142e+00    -6.1628e-01   +1.0000e+00  |      ---           ---           ---     
n=01:                                2.2489e+00    +1.1893e+00   -3.3772e-02  |      ---           ---           ---     
n=02:                                1.9001e+01    +1.3098e+01   -6.5088e-03  |      ---           ---           ---     
n=03:                                3.4607e+01    -2.4582e+01   +2.1378e-04  |      ---           ---           ---     
n=04:                                1.0450e+04    +1.4440e+03   -2.1976e-04  |      ---           ---           ---     
n=05:                                3.9012e+05    +1.9049e+05   -5.0732e-04  |      ---           ---           ---     
n=06:                                3.2819e+05    +2.9345e+06   -1.3677e-04  |      ---           ---           ---     
