--- multipoles on reference trajectory (rz > 0) ---
effective_length:                   606.9401462628489 mm
perpendicular_grid:                 65 points in [-12.000000,+12.000000] mm
max_fitting_error_normal            0.299/10112.308 G/G
max_fitting_error_skew              594.120/594.120 G/G
r0_for_relative_multipoles          17.5 mm
main_monomial                       n = 0, skew:False
                                       Nn(s=0)      Integ_Nn     Nn/N0(@r0)   |    Sn(s=0)      Integ_Sn     Sn/S0(@r0)  
<multipole_order n>                    [T/m^n]      [T.m/m^n]        []       |    [T/m^n]      [T.m/m^n]        []      
n=00:                                1.0150e+00    -6.1607e-01   +1.0000e+00  |      ---           ---           ---     
n=01:                                2.2556e+00    +1.1930e+00   -3.3888e-02  |      ---           ---           ---     
n=02:                                1.8586e+01    +1.2983e+01   -6.4537e-03  |      ---           ---           ---     
n=03:                                4.8933e+01    -2.3348e+01   +2.0311e-04  |      ---           ---           ---     
n=04:                                2.1343e+04    +2.0662e+03   -3.1456e-04  |      ---           ---           ---     
n=05:                                9.6579e+05    +1.7705e+05   -4.7170e-04  |      ---           ---           ---     
n=06:                                7.4467e+07    +3.5667e+05   -1.6629e-05  |      ---           ---           ---     
