--- multipoles on reference trajectory (rz > 0) ---
effective_length:                   612.3674249885717 mm
perpendicular_grid:                 65 points in [-12.000000,+12.000000] mm
max_fitting_error_normal            0.114/3545.580 G/G
max_fitting_error_skew              233.504/233.504 G/G
r0_for_relative_multipoles          17.5 mm
main_monomial                       n = 0, skew:False
                                       Nn(s=0)      Integ_Nn     Nn/N0(@r0)   |    Sn(s=0)      Integ_Sn     Sn/S0(@r0)  
<multipole_order n>                    [T/m^n]      [T.m/m^n]        []       |    [T/m^n]      [T.m/m^n]        []      
n=00:                                3.4151e-01    -2.0913e-01   +1.0000e+00  |      ---           ---           ---     
n=01:                                7.6233e-01    +4.0748e-01   -3.4098e-02  |      ---           ---           ---     
n=02:                                6.3782e+00    +4.3369e+00   -6.3510e-03  |      ---           ---           ---     
n=03:                                3.9285e+01    +1.2217e+00   -3.1309e-05  |      ---           ---           ---     
n=04:                                2.0366e+03    +7.1133e+02   -3.1901e-04  |      ---           ---           ---     
n=05:                                5.5136e+04    +1.0881e+04   -8.5397e-05  |      ---           ---           ---     
n=06:                                5.6939e+06    +7.4485e+05   -1.0230e-04  |      ---           ---           ---     
