--- multipoles on reference trajectory (rz > 0) ---
effective_length:                   612.54229532312 mm
perpendicular_grid:                 65 points in [-12.000000,+12.000000] mm
max_fitting_error_normal            0.136/2942.643 G/G
max_fitting_error_skew              193.329/193.329 G/G
r0_for_relative_multipoles          17.5 mm
main_monomial                       n = 0, skew:False
                                       Nn(s=0)      Integ_Nn     Nn/N0(@r0)   |    Sn(s=0)      Integ_Sn     Sn/S0(@r0)  
<multipole_order n>                    [T/m^n]      [T.m/m^n]        []       |    [T/m^n]      [T.m/m^n]        []      
n=00:                                3.4168e-01    -2.0929e-01   +1.0000e+00  |      ---           ---           ---     
n=01:                                7.6340e-01    +4.0779e-01   -3.4098e-02  |      ---           ---           ---     
n=02:                                7.1188e+00    +4.4904e+00   -6.5707e-03  |      ---           ---           ---     
n=03:                                1.7372e+01    +3.2529e+00   -8.3296e-05  |      ---           ---           ---     
n=04:                                6.5049e+03    -6.6945e+02   +3.0000e-04  |      ---           ---           ---     
n=05:                                9.1120e+04    +1.0730e+04   -8.4144e-05  |      ---           ---           ---     
n=06:                                3.5603e+07    +5.6527e+06   -7.7577e-04  |      ---           ---           ---     
