--- multipoles on reference trajectory (rz > 0) ---
effective_length:                   606.5286694231968 mm
perpendicular_grid:                 65 points in [-12.000000,+12.000000] mm
max_fitting_error_normal            0.018/511.559 G/G
max_fitting_error_skew              30.225/30.225 G/G
r0_for_relative_multipoles          17.5 mm
main_monomial                       n = 0, skew:False
                                       Nn(s=0)      Integ_Nn     Nn/N0(@r0)   |    Sn(s=0)      Integ_Sn     Sn/S0(@r0)  
<multipole_order n>                    [T/m^n]      [T.m/m^n]        []       |    [T/m^n]      [T.m/m^n]        []      
n=00:                                5.1486e-02    -3.1228e-02   +1.0000e+00  |      ---           ---           ---     
n=01:                                1.1503e-01    +6.1319e-02   -3.4363e-02  |      ---           ---           ---     
n=02:                                9.9642e-01    +6.6286e-01   -6.5006e-03  |      ---           ---           ---     
n=03:                                4.7988e+00    -1.7389e-03   +2.9844e-07  |      ---           ---           ---     
n=04:                                2.7239e+02    -4.2492e+01   +1.2762e-04  |      ---           ---           ---     
n=05:                                1.5419e+04    +4.7298e+03   -2.4859e-04  |      ---           ---           ---     
n=06:                                4.9217e+05    +7.2142e+05   -6.6355e-04  |      ---           ---           ---     
