--- multipoles on reference trajectory (rz > 0) ---
effective_length:                   609.4893258816664 mm
perpendicular_grid:                 65 points in [-12.000000,+12.000000] mm
max_fitting_error_normal            0.018/411.896 G/G
max_fitting_error_skew              24.576/24.576 G/G
r0_for_relative_multipoles          17.5 mm
main_monomial                       n = 0, skew:False
                                       Nn(s=0)      Integ_Nn     Nn/N0(@r0)   |    Sn(s=0)      Integ_Sn     Sn/S0(@r0)  
<multipole_order n>                    [T/m^n]      [T.m/m^n]        []       |    [T/m^n]      [T.m/m^n]        []      
n=00:                                4.1119e-02    -2.5062e-02   +1.0000e+00  |      ---           ---           ---     
n=01:                                9.2121e-02    +4.9205e-02   -3.4358e-02  |      ---           ---           ---     
n=02:                                7.8899e-01    +5.3227e-01   -6.5043e-03  |      ---           ---           ---     
n=03:                                1.2874e+00    +3.6509e-01   -7.8073e-05  |      ---           ---           ---     
n=04:                                1.5948e+02    -2.2316e+01   +8.3514e-05  |      ---           ---           ---     
n=05:                                3.3176e+04    +1.5133e+03   -9.9110e-05  |      ---           ---           ---     
n=06:                                6.7098e+05    +5.3969e+05   -6.1853e-04  |      ---           ---           ---     
