--- multipoles on reference trajectory (rz > 0) ---
effective_length:                   610.7467319241551 mm
perpendicular_grid:                 65 points in [-12.000000,+12.000000] mm
max_fitting_error_normal            0.002/521.060 G/G
max_fitting_error_skew              0.000/0.000 G/G
r0_for_relative_multipoles          17.5 mm
main_monomial                       n = 0, skew:False
                                       Nn(s=0)      Integ_Nn     Nn/N0(@r0)   |    Sn(s=0)      Integ_Sn     Sn/S0(@r0)  
<multipole_order n>                    [T/m^n]      [T.m/m^n]        []       |    [T/m^n]      [T.m/m^n]        []      
n=00:                                5.1475e-02    -3.1438e-02   +1.0000e+00  |      ---           ---           ---     
n=01:                                1.1500e-01    +6.2167e-02   -3.4605e-02  |      ---           ---           ---     
n=02:                                9.9870e-01    +6.3275e-01   -6.1639e-03  |      ---           ---           ---     
n=03:                                3.6090e+00    +2.3842e-01   -4.0644e-05  |      ---           ---           ---     
n=04:                                1.8700e+02    +8.0321e+01   -2.3962e-04  |      ---           ---           ---     
n=05:                                1.1755e+04    +2.1101e+03   -1.1017e-04  |      ---           ---           ---     
n=06:                                3.9257e+05    +1.2612e+05   -1.1523e-04  |      ---           ---           ---     
