--- multipoles on reference trajectory (rz > 0) ---
effective_length:                   610.7582728760813 mm
perpendicular_grid:                 65 points in [-12.000000,+12.000000] mm
max_fitting_error_normal            0.002/520.691 G/G
max_fitting_error_skew              0.000/0.000 G/G
r0_for_relative_multipoles          17.5 mm
main_monomial                       n = 0, skew:False
                                       Nn(s=0)      Integ_Nn     Nn/N0(@r0)   |    Sn(s=0)      Integ_Sn     Sn/S0(@r0)  
<multipole_order n>                    [T/m^n]      [T.m/m^n]        []       |    [T/m^n]      [T.m/m^n]        []      
n=00:                                5.1468e-02    -3.1435e-02   +1.0000e+00  |      ---           ---           ---     
n=01:                                1.1511e-01    +6.2239e-02   -3.4649e-02  |      ---           ---           ---     
n=02:                                9.9934e-01    +6.3280e-01   -6.1651e-03  |      ---           ---           ---     
n=03:                                3.6508e+00    +2.5668e-01   -4.3762e-05  |      ---           ---           ---     
n=04:                                1.8984e+02    +8.0751e+01   -2.4093e-04  |      ---           ---           ---     
n=05:                                1.1892e+04    +2.1546e+03   -1.1250e-04  |      ---           ---           ---     
n=06:                                3.9545e+05    +1.2711e+05   -1.1614e-04  |      ---           ---           ---     
