--- multipoles on reference trajectory (rz > 0) ---
effective_length:                   608.0456772821499 mm
perpendicular_grid:                 65 points in [-10.000000,+10.000000] mm
max_fitting_error_normal            0.466/10017.928 G/G
max_fitting_error_skew              15.117/15.117 G/G
r0_for_relative_multipoles          17.5 mm
main_monomial                       n = 0, skew:False
                                       Nn(s=0)      Integ_Nn     Nn/N0(@r0)   |    Sn(s=0)      Integ_Sn     Sn/S0(@r0)  
<multipole_order n>                    [T/m^n]      [T.m/m^n]        []       |    [T/m^n]      [T.m/m^n]        []      
n=00:                                1.1015e+00    -6.6975e-01   +1.0000e+00  |      ---           ---           ---     
n=01:                                2.5108e+00    +1.3318e+00   -3.4798e-02  |      ---           ---           ---     
n=02:                                1.8682e+01    +1.4943e+01   -6.8331e-03  |      ---           ---           ---     
n=03:                                2.4769e+02    -4.3888e+01   +3.5120e-04  |      ---           ---           ---     
n=04:                                7.1872e+04    +1.2014e+04   -1.6824e-03  |      ---           ---           ---     
n=05:                                1.4379e+06    +1.0542e+05   -2.5834e-04  |      ---           ---           ---     
n=06:                                3.5056e+08    -5.3693e+07   +2.3027e-03  |      ---           ---           ---     
