--- multipoles on reference trajectory (rz > 0) ---
effective_length:                   612.3057595392568 mm
perpendicular_grid:                 65 points in [-12.000000,+12.000000] mm
max_fitting_error_normal            0.049/1350.629 G/G
max_fitting_error_skew              117.413/117.413 G/G
r0_for_relative_multipoles          17.5 mm
main_monomial                       n = 0, skew:False
                                       Nn(s=0)      Integ_Nn     Nn/N0(@r0)   |    Sn(s=0)      Integ_Sn     Sn/S0(@r0)  
<multipole_order n>                    [T/m^n]      [T.m/m^n]        []       |    [T/m^n]      [T.m/m^n]        []      
n=00:                                1.7035e-01    -1.0431e-01   +1.0000e+00  |      ---           ---           ---     
n=01:                                3.8160e-01    +2.0356e-01   -3.4153e-02  |      ---           ---           ---     
n=02:                                3.5315e+00    +2.2415e+00   -6.5811e-03  |      ---           ---           ---     
n=03:                                6.0919e+00    +5.4766e-01   -2.8139e-05  |      ---           ---           ---     
n=04:                                3.3613e+03    -7.8077e+02   +7.0205e-04  |      ---           ---           ---     
n=05:                                1.7789e+05    +1.6929e+04   -2.6638e-04  |      ---           ---           ---     
n=06:                                1.9424e+07    +5.0739e+06   -1.3972e-03  |      ---           ---           ---     
