--- multipoles on reference trajectory (rz > 0) ---
effective_length:                   607.9588217597136 mm
perpendicular_grid:                 65 points in [-10.000000,+10.000000] mm
max_fitting_error_normal            0.410/10385.530 G/G
max_fitting_error_skew              11.187/11.187 G/G
r0_for_relative_multipoles          17.5 mm
main_monomial                       n = 0, skew:False
                                       Nn(s=0)      Integ_Nn     Nn/N0(@r0)   |    Sn(s=0)      Integ_Sn     Sn/S0(@r0)  
<multipole_order n>                    [T/m^n]      [T.m/m^n]        []       |    [T/m^n]      [T.m/m^n]        []      
n=00:                                1.0366e+00    -6.3021e-01   +1.0000e+00  |      ---           ---           ---     
n=01:                                2.3541e+00    +1.2441e+00   -3.4548e-02  |      ---           ---           ---     
n=02:                                2.1543e+01    +1.3749e+01   -6.6811e-03  |      ---           ---           ---     
n=03:                                1.8575e+02    +3.0082e+01   -2.5582e-04  |      ---           ---           ---     
n=04:                                8.7545e+02    +3.2030e+03   -4.7668e-04  |      ---           ---           ---     
n=05:                                9.9213e+05    -2.1850e+05   +5.6905e-04  |      ---           ---           ---     
n=06:                                2.9877e+07    -1.2104e+07   +5.5168e-04  |      ---           ---           ---     
