--- multipoles on reference trajectory (rz > 0) ---
effective_length:                   609.8152423493433 mm
perpendicular_grid:                 65 points in [-12.000000,+12.000000] mm
max_fitting_error_normal            0.016/527.887 G/G
max_fitting_error_skew              29.920/29.920 G/G
r0_for_relative_multipoles          17.5 mm
main_monomial                       n = 0, skew:False
                                       Nn(s=0)      Integ_Nn     Nn/N0(@r0)   |    Sn(s=0)      Integ_Sn     Sn/S0(@r0)  
<multipole_order n>                    [T/m^n]      [T.m/m^n]        []       |    [T/m^n]      [T.m/m^n]        []      
n=00:                                5.1486e-02    -3.1397e-02   +1.0000e+00  |      ---           ---           ---     
n=01:                                1.1503e-01    +6.1339e-02   -3.4189e-02  |      ---           ---           ---     
n=02:                                9.9642e-01    +6.6396e-01   -6.4763e-03  |      ---           ---           ---     
n=03:                                4.7988e+00    +7.4469e-01   -1.2712e-04  |      ---           ---           ---     
n=04:                                2.7239e+02    -7.5866e+00   +2.2663e-05  |      ---           ---           ---     
n=05:                                1.5419e+04    +2.1182e+03   -1.1073e-04  |      ---           ---           ---     
n=06:                                4.9217e+05    +5.9065e+05   -5.4034e-04  |      ---           ---           ---     
