--- multipoles on reference trajectory (rz > 0) ---
effective_length:                   610.5623058278359 mm
perpendicular_grid:                 65 points in [-12.000000,+12.000000] mm
max_fitting_error_normal            0.373/10292.107 G/G
max_fitting_error_skew              694.763/694.763 G/G
r0_for_relative_multipoles          17.5 mm
main_monomial                       n = 0, skew:False
                                       Nn(s=0)      Integ_Nn     Nn/N0(@r0)   |    Sn(s=0)      Integ_Sn     Sn/S0(@r0)  
<multipole_order n>                    [T/m^n]      [T.m/m^n]        []       |    [T/m^n]      [T.m/m^n]        []      
n=00:                                1.0145e+00    -6.1942e-01   +1.0000e+00  |      ---           ---           ---     
n=01:                                2.2584e+00    +1.2020e+00   -3.3958e-02  |      ---           ---           ---     
n=02:                                1.9430e+01    +1.2838e+01   -6.3476e-03  |      ---           ---           ---     
n=03:                                1.1788e+02    +5.3303e+00   -4.6119e-05  |      ---           ---           ---     
n=04:                                7.8454e+03    +3.1932e+03   -4.8350e-04  |      ---           ---           ---     
n=05:                                4.6982e+04    +2.4224e+04   -6.4187e-05  |      ---           ---           ---     
n=06:                                2.0090e+07    -2.0318e+06   +9.4214e-05  |      ---           ---           ---     
