--- multipoles on reference trajectory (rz > 0) ---
effective_length:                   606.7949997152953 mm
perpendicular_grid:                 65 points in [-12.000000,+12.000000] mm
max_fitting_error_normal            0.014/415.902 G/G
max_fitting_error_skew              23.952/23.952 G/G
r0_for_relative_multipoles          17.5 mm
main_monomial                       n = 0, skew:False
                                       Nn(s=0)      Integ_Nn     Nn/N0(@r0)   |    Sn(s=0)      Integ_Sn     Sn/S0(@r0)  
<multipole_order n>                    [T/m^n]      [T.m/m^n]        []       |    [T/m^n]      [T.m/m^n]        []      
n=00:                                4.1077e-02    -2.4925e-02   +1.0000e+00  |      ---           ---           ---     
n=01:                                9.2024e-02    +4.8893e-02   -3.4328e-02  |      ---           ---           ---     
n=02:                                8.4374e-01    +5.2835e-01   -6.4916e-03  |      ---           ---           ---     
n=03:                                3.7723e-01    +3.0581e-01   -6.5753e-05  |      ---           ---           ---     
n=04:                                6.4301e+02    +1.3999e+01   -5.2676e-05  |      ---           ---           ---     
n=05:                                2.1935e+04    +2.7626e+03   -1.8191e-04  |      ---           ---           ---     
n=06:                                3.8110e+06    +1.9310e+05   -2.2251e-04  |      ---           ---           ---     
