--- multipoles on reference trajectory (rz > 0) ---
effective_length:                   605.7681833230844 mm
perpendicular_grid:                 65 points in [-12.000000,+12.000000] mm
max_fitting_error_normal            1.416/7380.444 G/G
max_fitting_error_skew              584.690/584.690 G/G
r0_for_relative_multipoles          17.5 mm
main_monomial                       n = 0, skew:False
                                       Nn(s=0)      Integ_Nn     Nn/N0(@r0)   |    Sn(s=0)      Integ_Sn     Sn/S0(@r0)  
<multipole_order n>                    [T/m^n]      [T.m/m^n]        []       |    [T/m^n]      [T.m/m^n]        []      
n=00:                                1.0150e+00    -6.1486e-01   +1.0000e+00  |      ---           ---           ---     
n=01:                                2.2345e+00    +1.1928e+00   -3.3950e-02  |      ---           ---           ---     
n=02:                                1.4394e+01    +1.2285e+01   -6.1191e-03  |      ---           ---           ---     
n=03:                                6.5157e+02    +6.9780e+01   -6.0824e-04  |      ---           ---           ---     
n=04:                                1.1735e+05    +1.3667e+04   -2.0847e-03  |      ---           ---           ---     
n=05:                                2.2982e+06    -1.3570e+05   +3.6224e-04  |      ---           ---           ---     
n=06:                                5.0092e+08    -3.8314e+07   +1.7898e-03  |      ---           ---           ---     
