--- multipoles on reference trajectory (rz > 0) ---
effective_length:                   611.8916958025434 mm
perpendicular_grid:                 65 points in [-12.000000,+12.000000] mm
max_fitting_error_normal            0.335/8449.545 G/G
max_fitting_error_skew              566.051/566.051 G/G
r0_for_relative_multipoles          17.5 mm
main_monomial                       n = 0, skew:False
                                       Nn(s=0)      Integ_Nn     Nn/N0(@r0)   |    Sn(s=0)      Integ_Sn     Sn/S0(@r0)  
<multipole_order n>                    [T/m^n]      [T.m/m^n]        []       |    [T/m^n]      [T.m/m^n]        []      
n=00:                                8.2413e-01    -5.0428e-01   +1.0000e+00  |      ---           ---           ---     
n=01:                                1.8343e+00    +9.7675e-01   -3.3896e-02  |      ---           ---           ---     
n=02:                                1.6393e+01    +1.0601e+01   -6.4382e-03  |      ---           ---           ---     
n=03:                                6.3863e+01    +3.4202e+00   -3.6349e-05  |      ---           ---           ---     
n=04:                                5.5627e+03    +2.0643e+03   -3.8393e-04  |      ---           ---           ---     
n=05:                                1.4974e+05    +1.6926e+04   -5.5089e-05  |      ---           ---           ---     
n=06:                                5.3376e+07    -4.0698e+06   +2.3181e-04  |      ---           ---           ---     
