--- multipoles on reference trajectory (rz > 0) ---
effective_length:                   609.7753740097066 mm
perpendicular_grid:                 65 points in [-12.000000,+12.000000] mm
max_fitting_error_normal            0.395/10614.277 G/G
max_fitting_error_skew              608.714/608.714 G/G
r0_for_relative_multipoles          17.5 mm
main_monomial                       n = 0, skew:False
                                       Nn(s=0)      Integ_Nn     Nn/N0(@r0)   |    Sn(s=0)      Integ_Sn     Sn/S0(@r0)  
<multipole_order n>                    [T/m^n]      [T.m/m^n]        []       |    [T/m^n]      [T.m/m^n]        []      
n=00:                                1.0608e+00    -6.4685e-01   +1.0000e+00  |      ---           ---           ---     
n=01:                                2.3526e+00    +1.2439e+00   -3.3652e-02  |      ---           ---           ---     
n=02:                                2.0605e+01    +1.3667e+01   -6.4706e-03  |      ---           ---           ---     
n=03:                                1.0046e+02    +1.4981e+01   -1.2412e-04  |      ---           ---           ---     
n=04:                                1.1541e+04    +3.9909e+03   -5.7865e-04  |      ---           ---           ---     
n=05:                                1.4440e+04    -7.5310e+03   +1.9109e-05  |      ---           ---           ---     
n=06:                                4.2086e+07    -8.2791e+06   +3.6763e-04  |      ---           ---           ---     
