--- multipoles on reference trajectory (rz > 0) ---
effective_length:                   605.9639716391385 mm
perpendicular_grid:                 65 points in [-12.000000,+12.000000] mm
max_fitting_error_normal            0.019/409.508 G/G
max_fitting_error_skew              24.325/24.325 G/G
r0_for_relative_multipoles          17.5 mm
main_monomial                       n = 0, skew:False
                                       Nn(s=0)      Integ_Nn     Nn/N0(@r0)   |    Sn(s=0)      Integ_Sn     Sn/S0(@r0)  
<multipole_order n>                    [T/m^n]      [T.m/m^n]        []       |    [T/m^n]      [T.m/m^n]        []      
n=00:                                4.1082e-02    -2.4894e-02   +1.0000e+00  |      ---           ---           ---     
n=01:                                9.2011e-02    +4.8943e-02   -3.4405e-02  |      ---           ---           ---     
n=02:                                7.2817e-01    +5.1651e-01   -6.3541e-03  |      ---           ---           ---     
n=03:                                2.8547e+00    -2.2064e-01   +4.7501e-05  |      ---           ---           ---     
n=04:                                1.1056e+03    +1.5320e+02   -5.7717e-04  |      ---           ---           ---     
n=05:                                3.0482e+03    +3.9603e+03   -2.6111e-04  |      ---           ---           ---     
n=06:                                3.0751e+06    -1.6106e+05   +1.8584e-04  |      ---           ---           ---     
