--- multipoles on reference trajectory (rz > 0) ---
effective_length:                   609.6677550456507 mm
perpendicular_grid:                 65 points in [-10.000000,+10.000000] mm
max_fitting_error_normal            0.225/7323.939 G/G
max_fitting_error_skew              8.018/8.018 G/G
r0_for_relative_multipoles          17.5 mm
main_monomial                       n = 0, skew:False
                                       Nn(s=0)      Integ_Nn     Nn/N0(@r0)   |    Sn(s=0)      Integ_Sn     Sn/S0(@r0)  
<multipole_order n>                    [T/m^n]      [T.m/m^n]        []       |    [T/m^n]      [T.m/m^n]        []      
n=00:                                7.1453e-01    -4.3563e-01   +1.0000e+00  |      ---           ---           ---     
n=01:                                1.6095e+00    +8.5653e-01   -3.4409e-02  |      ---           ---           ---     
n=02:                                1.2549e+01    +9.2680e+00   -6.5155e-03  |      ---           ---           ---     
n=03:                                5.0718e+01    -1.0099e+01   +1.2425e-04  |      ---           ---           ---     
n=04:                                2.9688e+04    +2.7909e+03   -6.0087e-04  |      ---           ---           ---     
n=05:                                1.5358e+05    +4.8255e+04   -1.8181e-04  |      ---           ---           ---     
n=06:                                1.5518e+08    -1.1318e+07   +7.4625e-04  |      ---           ---           ---     
