--- multipoles on reference trajectory (rz > 0) ---
effective_length:                   610.2189820689986 mm
perpendicular_grid:                 65 points in [-10.000000,+10.000000] mm
max_fitting_error_normal            0.045/1762.184 G/G
max_fitting_error_skew              1.768/1.768 G/G
r0_for_relative_multipoles          17.5 mm
main_monomial                       n = 0, skew:False
                                       Nn(s=0)      Integ_Nn     Nn/N0(@r0)   |    Sn(s=0)      Integ_Sn     Sn/S0(@r0)  
<multipole_order n>                    [T/m^n]      [T.m/m^n]        []       |    [T/m^n]      [T.m/m^n]        []      
n=00:                                1.7370e-01    -1.0600e-01   +1.0000e+00  |      ---           ---           ---     
n=01:                                3.8861e-01    +2.0678e-01   -3.4140e-02  |      ---           ---           ---     
n=02:                                3.5808e+00    +2.3061e+00   -6.6631e-03  |      ---           ---           ---     
n=03:                                7.3101e+00    +1.2685e+00   -6.4138e-05  |      ---           ---           ---     
n=04:                                2.4134e+03    -1.0065e+03   +8.9061e-04  |      ---           ---           ---     
n=05:                                1.2564e+05    +5.0433e+03   -7.8093e-05  |      ---           ---           ---     
n=06:                                9.7841e+06    +5.9235e+06   -1.6052e-03  |      ---           ---           ---     
