--- multipoles on reference trajectory (rz > 0) ---
effective_length:                   611.2926890047224 mm
perpendicular_grid:                 65 points in [-12.000000,+12.000000] mm
max_fitting_error_normal            0.140/8819.219 G/G
max_fitting_error_skew              0.000/0.000 G/G
r0_for_relative_multipoles          17.5 mm
main monomial                       n = 0, skew:False
                                       Nn(s=0)      Integ_Nn     Nn/N0(@r0)   |    Sn(s=0)      Integ_Sn     Sn/S0(@r0)  
<multipole_order n>                    [T/m^n]      [T.m/m^n]        []       |    [T/m^n]      [T.m/m^n]        []      
n=00:                                1.0284e+00    -6.2864e-01   +1.0000e+00  |      ---           ---           ---     
n=01:                                2.2968e+00    +1.2382e+00   -3.4470e-02  |      ---           ---           ---     
n=02:                                2.0037e+01    +1.2840e+01   -6.2553e-03  |      ---           ---           ---     
n=03:                                7.6426e+01    +5.7224e+00   -4.8785e-05  |      ---           ---           ---     
n=04:                                3.6445e+03    +1.5107e+03   -2.2538e-04  |      ---           ---           ---     
n=05:                                2.1388e+05    +4.2459e+04   -1.1085e-04  |      ---           ---           ---     
n=06:                                8.6183e+06    +2.7554e+06   -1.2590e-04  |      ---           ---           ---     
