--- multipoles on reference trajectory (rz > 0) ---
effective_length:                   605.3793369781957 mm
perpendicular_grid:                 65 points in [-12.000000,+12.000000] mm
max_fitting_error_normal            0.418/6899.928 G/G
max_fitting_error_skew              592.962/592.962 G/G
r0_for_relative_multipoles          17.5 mm
main_monomial                       n = 0, skew:False
                                       Nn(s=0)      Integ_Nn     Nn/N0(@r0)   |    Sn(s=0)      Integ_Sn     Sn/S0(@r0)  
<multipole_order n>                    [T/m^n]      [T.m/m^n]        []       |    [T/m^n]      [T.m/m^n]        []      
n=00:                                1.0594e+00    -6.4137e-01   +1.0000e+00  |      ---           ---           ---     
n=01:                                2.3583e+00    +1.2513e+00   -3.4142e-02  |      ---           ---           ---     
n=02:                                2.0085e+01    +1.3473e+01   -6.4335e-03  |      ---           ---           ---     
n=03:                                5.1828e+00    -1.7941e+01   +1.4991e-04  |      ---           ---           ---     
n=04:                                7.1077e+03    +1.5792e+03   -2.3094e-04  |      ---           ---           ---     
n=05:                                6.2124e+05    +1.5110e+05   -3.8667e-04  |      ---           ---           ---     
n=06:                                7.8247e+06    +4.4475e+06   -1.9918e-04  |      ---           ---           ---     
