--- multipoles on reference trajectory (rz > 0) ---
effective_length:                   605.3414719774102 mm
perpendicular_grid:                 65 points in [-12.000000,+12.000000] mm
max_fitting_error_normal            0.325/10619.350 G/G
max_fitting_error_skew              609.397/609.397 G/G
r0_for_relative_multipoles          17.5 mm
main_monomial                       n = 0, skew:False
                                       Nn(s=0)      Integ_Nn     Nn/N0(@r0)   |    Sn(s=0)      Integ_Sn     Sn/S0(@r0)  
<multipole_order n>                    [T/m^n]      [T.m/m^n]        []       |    [T/m^n]      [T.m/m^n]        []      
n=00:                                1.0599e+00    -6.4160e-01   +1.0000e+00  |      ---           ---           ---     
n=01:                                2.3599e+00    +1.2507e+00   -3.4113e-02  |      ---           ---           ---     
n=02:                                2.0405e+01    +1.3729e+01   -6.5531e-03  |      ---           ---           ---     
n=03:                                5.8237e+01    +1.4062e+00   -1.1746e-05  |      ---           ---           ---     
n=04:                                3.6272e+03    -2.9559e+03   +4.3210e-04  |      ---           ---           ---     
n=05:                                4.8956e+05    +5.0620e+04   -1.2949e-04  |      ---           ---           ---     
n=06:                                8.0059e+06    +2.7246e+07   -1.2197e-03  |      ---           ---           ---     
