--- multipoles on reference trajectory (rz > 0) ---
effective_length:                   606.208143484683 mm
perpendicular_grid:                 65 points in [-12.000000,+12.000000] mm
max_fitting_error_normal            0.298/9658.435 G/G
max_fitting_error_skew              540.772/540.772 G/G
r0_for_relative_multipoles          17.5 mm
main_monomial                       n = 0, skew:False
                                       Nn(s=0)      Integ_Nn     Nn/N0(@r0)   |    Sn(s=0)      Integ_Sn     Sn/S0(@r0)  
<multipole_order n>                    [T/m^n]      [T.m/m^n]        []       |    [T/m^n]      [T.m/m^n]        []      
n=00:                                9.6698e-01    -5.8619e-01   +1.0000e+00  |      ---           ---           ---     
n=01:                                2.1531e+00    +1.1444e+00   -3.4166e-02  |      ---           ---           ---     
n=02:                                2.0254e+01    +1.2438e+01   -6.4982e-03  |      ---           ---           ---     
n=03:                                9.0744e+01    +1.8790e+01   -1.7179e-04  |      ---           ---           ---     
n=04:                                2.0689e+04    -1.3138e+02   +2.1020e-05  |      ---           ---           ---     
n=05:                                4.6941e+04    -1.9659e+04   +5.5044e-05  |      ---           ---           ---     
n=06:                                1.1936e+08    +1.0469e+07   -5.1297e-04  |      ---           ---           ---     
