--- multipoles on reference trajectory (rz > 0) ---
effective_length:                   610.9949221843144 mm
perpendicular_grid:                 65 points in [-10.000000,+10.000000] mm
max_fitting_error_normal            0.023/643.259 G/G
max_fitting_error_skew              0.967/0.967 G/G
r0_for_relative_multipoles          17.5 mm
main_monomial                       n = 0, skew:False
                                       Nn(s=0)      Integ_Nn     Nn/N0(@r0)   |    Sn(s=0)      Integ_Sn     Sn/S0(@r0)  
<multipole_order n>                    [T/m^n]      [T.m/m^n]        []       |    [T/m^n]      [T.m/m^n]        []      
n=00:                                6.3885e-02    -3.9033e-02   +1.0000e+00  |      ---           ---           ---     
n=01:                                1.4246e-01    +7.5993e-02   -3.4070e-02  |      ---           ---           ---     
n=02:                                1.2072e+00    +8.0836e-01   -6.3423e-03  |      ---           ---           ---     
n=03:                                2.0167e+01    +8.5959e-01   -1.1802e-04  |      ---           ---           ---     
n=04:                                8.9148e+00    +3.1036e+02   -7.4574e-04  |      ---           ---           ---     
n=05:                                1.2578e+05    +2.4498e+02   -1.0301e-05  |      ---           ---           ---     
n=06:                                6.7687e+06    -6.2806e+05   +4.6216e-04  |      ---           ---           ---     
