--- multipoles on reference trajectory (rz > 0) ---
effective_length:                   609.9896432481581 mm
perpendicular_grid:                 65 points in [-12.000000,+12.000000] mm
max_fitting_error_normal            0.325/10214.445 G/G
max_fitting_error_skew              586.350/586.350 G/G
r0_for_relative_multipoles          17.5 mm
main_monomial                       n = 0, skew:False
                                       Nn(s=0)      Integ_Nn     Nn/N0(@r0)   |    Sn(s=0)      Integ_Sn     Sn/S0(@r0)  
<multipole_order n>                    [T/m^n]      [T.m/m^n]        []       |    [T/m^n]      [T.m/m^n]        []      
n=00:                                1.0148e+00    -6.1904e-01   +1.0000e+00  |      ---           ---           ---     
n=01:                                2.2542e+00    +1.1992e+00   -3.3901e-02  |      ---           ---           ---     
n=02:                                2.0603e+01    +1.3530e+01   -6.6936e-03  |      ---           ---           ---     
n=03:                                8.0625e+00    +8.1625e+00   -7.0667e-05  |      ---           ---           ---     
n=04:                                1.2129e+04    -4.2658e+03   +6.4630e-04  |      ---           ---           ---     
n=05:                                4.5287e+05    +1.5975e+03   -4.2356e-06  |      ---           ---           ---     
n=06:                                7.7291e+07    +2.6035e+07   -1.2080e-03  |      ---           ---           ---     
