--- multipoles on reference trajectory (rz > 0) ---
effective_length:                   610.8794865632229 mm
perpendicular_grid:                 65 points in [-12.000000,+12.000000] mm
max_fitting_error_normal            0.023/518.197 G/G
max_fitting_error_skew              29.815/29.815 G/G
r0_for_relative_multipoles          17.5 mm
main_monomial                       n = 0, skew:False
                                       Nn(s=0)      Integ_Nn     Nn/N0(@r0)   |    Sn(s=0)      Integ_Sn     Sn/S0(@r0)  
<multipole_order n>                    [T/m^n]      [T.m/m^n]        []       |    [T/m^n]      [T.m/m^n]        []      
n=00:                                5.1464e-02    -3.1439e-02   +1.0000e+00  |      ---           ---           ---     
n=01:                                1.1559e-01    +6.1593e-02   -3.4285e-02  |      ---           ---           ---     
n=02:                                9.6701e-01    +6.7610e-01   -6.5861e-03  |      ---           ---           ---     
n=03:                                8.7454e-01    +7.4764e-01   -1.2745e-04  |      ---           ---           ---     
n=04:                                3.4431e+02    -6.3881e+01   +1.9057e-04  |      ---           ---           ---     
n=05:                                2.7551e+04    -6.1444e+02   +3.2078e-05  |      ---           ---           ---     
n=06:                                8.2467e+05    +8.2157e+05   -7.5060e-04  |      ---           ---           ---     
