--- multipoles on reference trajectory (rz > 0) ---
effective_length:                   612.3112048091602 mm
perpendicular_grid:                 65 points in [-12.000000,+12.000000] mm
max_fitting_error_normal            0.054/1758.550 G/G
max_fitting_error_skew              96.592/96.592 G/G
r0_for_relative_multipoles          17.5 mm
main_monomial                       n = 0, skew:False
                                       Nn(s=0)      Integ_Nn     Nn/N0(@r0)   |    Sn(s=0)      Integ_Sn     Sn/S0(@r0)  
<multipole_order n>                    [T/m^n]      [T.m/m^n]        []       |    [T/m^n]      [T.m/m^n]        []      
n=00:                                1.7043e-01    -1.0436e-01   +1.0000e+00  |      ---           ---           ---     
n=01:                                3.8227e-01    +2.0405e-01   -3.4218e-02  |      ---           ---           ---     
n=02:                                3.2493e+00    +2.2369e+00   -6.5644e-03  |      ---           ---           ---     
n=03:                                8.9972e-01    +6.8569e-01   -3.5214e-05  |      ---           ---           ---     
n=04:                                9.1673e+02    -5.2432e+02   +4.7122e-04  |      ---           ---           ---     
n=05:                                8.8812e+04    +9.3365e+03   -1.4684e-04  |      ---           ---           ---     
n=06:                                1.0988e+06    +4.0198e+06   -1.1064e-03  |      ---           ---           ---     
