--- multipoles on reference trajectory (rz > 0) ---
effective_length:                   610.5687663451796 mm
perpendicular_grid:                 65 points in [-12.000000,+12.000000] mm
max_fitting_error_normal            0.374/10293.050 G/G
max_fitting_error_skew              694.846/694.846 G/G
r0_for_relative_multipoles          17.5 mm
main_monomial                       n = 0, skew:False
                                       Nn(s=0)      Integ_Nn     Nn/N0(@r0)   |    Sn(s=0)      Integ_Sn     Sn/S0(@r0)  
<multipole_order n>                    [T/m^n]      [T.m/m^n]        []       |    [T/m^n]      [T.m/m^n]        []      
n=00:                                1.0146e+00    -6.1949e-01   +1.0000e+00  |      ---           ---           ---     
n=01:                                2.2565e+00    +1.2009e+00   -3.3924e-02  |      ---           ---           ---     
n=02:                                1.9390e+01    +1.2840e+01   -6.3476e-03  |      ---           ---           ---     
n=03:                                1.1866e+02    +4.8755e+00   -4.2179e-05  |      ---           ---           ---     
n=04:                                8.4084e+03    +3.1891e+03   -4.8282e-04  |      ---           ---           ---     
n=05:                                3.6044e+04    +2.3870e+04   -6.3243e-05  |      ---           ---           ---     
n=06:                                2.3442e+07    -2.0192e+06   +9.3621e-05  |      ---           ---           ---     
