--- multipoles on reference trajectory (rz > 0) ---
effective_length:                   610.6816460078977 mm
perpendicular_grid:                 65 points in [-12.000000,+12.000000] mm
max_fitting_error_normal            1.067/9986.808 G/G
max_fitting_error_skew              587.402/587.402 G/G
r0_for_relative_multipoles          17.5 mm
main_monomial                       n = 0, skew:False
                                       Nn(s=0)      Integ_Nn     Nn/N0(@r0)   |    Sn(s=0)      Integ_Sn     Sn/S0(@r0)  
<multipole_order n>                    [T/m^n]      [T.m/m^n]        []       |    [T/m^n]      [T.m/m^n]        []      
n=00:                                1.0150e+00    -6.1985e-01   +1.0000e+00  |      ---           ---           ---     
n=01:                                2.2345e+00    +1.1950e+00   -3.3738e-02  |      ---           ---           ---     
n=02:                                1.4394e+01    +1.2474e+01   -6.1632e-03  |      ---           ---           ---     
n=03:                                6.5157e+02    +6.4944e+01   -5.6152e-04  |      ---           ---           ---     
n=04:                                1.1735e+05    +1.4455e+04   -2.1871e-03  |      ---           ---           ---     
n=05:                                2.2982e+06    -1.0880e+05   +2.8809e-04  |      ---           ---           ---     
n=06:                                5.0092e+08    -4.5651e+07   +2.1154e-03  |      ---           ---           ---     
