--- multipoles on reference trajectory (rz > 0) ---
effective_length:                   610.2586332276039 mm
perpendicular_grid:                 65 points in [-12.000000,+12.000000] mm
max_fitting_error_normal            0.040/10865.246 G/G
max_fitting_error_skew              0.000/0.000 G/G
r0_for_relative_multipoles          17.5 mm
main_monomial                       n = 0, skew:False
                                       Nn(s=0)      Integ_Nn     Nn/N0(@r0)   |    Sn(s=0)      Integ_Sn     Sn/S0(@r0)  
<multipole_order n>                    [T/m^n]      [T.m/m^n]        []       |    [T/m^n]      [T.m/m^n]        []      
n=00:                                1.0812e+00    -6.5979e-01   +1.0000e+00  |      ---           ---           ---     
n=01:                                2.4179e+00    +1.3005e+00   -3.4493e-02  |      ---           ---           ---     
n=02:                                2.1035e+01    +1.3504e+01   -6.2679e-03  |      ---           ---           ---     
n=03:                                7.7611e+01    -6.7533e-01   +5.4856e-06  |      ---           ---           ---     
n=04:                                4.0255e+03    +1.8629e+03   -2.6481e-04  |      ---           ---           ---     
n=05:                                2.5215e+05    +4.3590e+04   -1.0843e-04  |      ---           ---           ---     
n=06:                                8.5787e+06    +2.9102e+06   -1.2669e-04  |      ---           ---           ---     
