--- multipoles on reference trajectory (rz > 0) ---
effective_length:                   610.5397127333619 mm
perpendicular_grid:                 65 points in [-10.000000,+10.000000] mm
max_fitting_error_normal            0.123/5378.018 G/G
max_fitting_error_skew              7.181/7.181 G/G
r0_for_relative_multipoles          17.5 mm
main_monomial                       n = 0, skew:False
                                       Nn(s=0)      Integ_Nn     Nn/N0(@r0)   |    Sn(s=0)      Integ_Sn     Sn/S0(@r0)  
<multipole_order n>                    [T/m^n]      [T.m/m^n]        []       |    [T/m^n]      [T.m/m^n]        []      
n=00:                                5.2565e-01    -3.2093e-01   +1.0000e+00  |      ---           ---           ---     
n=01:                                1.1758e+00    +6.2852e-01   -3.4273e-02  |      ---           ---           ---     
n=02:                                1.1454e+01    +6.9944e+00   -6.6745e-03  |      ---           ---           ---     
n=03:                                1.0489e+02    +1.6013e+01   -2.6741e-04  |      ---           ---           ---     
n=04:                                1.7303e+04    -7.2164e+02   +2.1089e-04  |      ---           ---           ---     
n=05:                                4.7797e+05    -7.5453e+04   +3.8588e-04  |      ---           ---           ---     
n=06:                                9.2192e+07    +7.1426e+06   -6.3926e-04  |      ---           ---           ---     
