--- multipoles on reference trajectory (rz > 0) ---
effective_length:                   607.2625165554944 mm
perpendicular_grid:                 65 points in [-12.000000,+12.000000] mm
max_fitting_error_normal            0.068/1728.638 G/G
max_fitting_error_skew              95.045/95.045 G/G
r0_for_relative_multipoles          17.5 mm
main_monomial                       n = 0, skew:False
                                       Nn(s=0)      Integ_Nn     Nn/N0(@r0)   |    Sn(s=0)      Integ_Sn     Sn/S0(@r0)  
<multipole_order n>                    [T/m^n]      [T.m/m^n]        []       |    [T/m^n]      [T.m/m^n]        []      
n=00:                                1.7037e-01    -1.0346e-01   +1.0000e+00  |      ---           ---           ---     
n=01:                                3.8128e-01    +2.0345e-01   -3.4415e-02  |      ---           ---           ---     
n=02:                                3.5394e+00    +2.2222e+00   -6.5781e-03  |      ---           ---           ---     
n=03:                                5.7777e+00    +2.5858e+00   -1.3395e-04  |      ---           ---           ---     
n=04:                                3.5763e+03    -8.2318e+02   +7.4625e-04  |      ---           ---           ---     
n=05:                                1.7479e+05    +5.6575e+03   -8.9755e-05  |      ---           ---           ---     
n=06:                                2.0443e+07    +5.1867e+06   -1.4400e-03  |      ---           ---           ---     
