--- multipoles on reference trajectory (rz > 0) ---
effective_length:                   607.2483292450921 mm
perpendicular_grid:                 65 points in [-12.000000,+12.000000] mm
max_fitting_error_normal            0.055/1714.744 G/G
max_fitting_error_skew              98.391/98.391 G/G
r0_for_relative_multipoles          17.5 mm
main_monomial                       n = 0, skew:False
                                       Nn(s=0)      Integ_Nn     Nn/N0(@r0)   |    Sn(s=0)      Integ_Sn     Sn/S0(@r0)  
<multipole_order n>                    [T/m^n]      [T.m/m^n]        []       |    [T/m^n]      [T.m/m^n]        []      
n=00:                                1.7043e-01    -1.0349e-01   +1.0000e+00  |      ---           ---           ---     
n=01:                                3.8227e-01    +2.0364e-01   -3.4433e-02  |      ---           ---           ---     
n=02:                                3.2493e+00    +2.2084e+00   -6.5350e-03  |      ---           ---           ---     
n=03:                                8.9972e-01    +8.8368e-01   -4.5761e-05  |      ---           ---           ---     
n=04:                                9.1673e+02    -3.2666e+02   +2.9603e-04  |      ---           ---           ---     
n=05:                                8.8812e+04    +1.0048e+04   -1.5936e-04  |      ---           ---           ---     
n=06:                                1.0988e+06    +2.8665e+06   -7.9555e-04  |      ---           ---           ---     
