--- multipoles on reference trajectory (rz > 0) ---
effective_length:                   605.3291864270984 mm
perpendicular_grid:                 65 points in [-12.000000,+12.000000] mm
max_fitting_error_normal            0.322/10620.632 G/G
max_fitting_error_skew              609.489/609.489 G/G
r0_for_relative_multipoles          17.5 mm
main_monomial                       n = 0, skew:False
                                       Nn(s=0)      Integ_Nn     Nn/N0(@r0)   |    Sn(s=0)      Integ_Sn     Sn/S0(@r0)  
<multipole_order n>                    [T/m^n]      [T.m/m^n]        []       |    [T/m^n]      [T.m/m^n]        []      
n=00:                                1.0600e+00    -6.4167e-01   +1.0000e+00  |      ---           ---           ---     
n=01:                                2.3577e+00    +1.2491e+00   -3.4067e-02  |      ---           ---           ---     
n=02:                                2.0424e+01    +1.3729e+01   -6.5522e-03  |      ---           ---           ---     
n=03:                                5.6968e+01    +1.4683e+00   -1.2263e-05  |      ---           ---           ---     
n=04:                                2.7689e+03    -2.9670e+03   +4.3367e-04  |      ---           ---           ---     
n=05:                                4.9021e+05    +4.5863e+04   -1.1731e-04  |      ---           ---           ---     
n=06:                                1.2216e+07    +2.7232e+07   -1.2190e-03  |      ---           ---           ---     
