--- multipoles on reference trajectory (rz > 0) ---
effective_length:                   607.3425700485028 mm
perpendicular_grid:                 65 points in [-10.000000,+10.000000] mm
max_fitting_error_normal            0.471/11306.814 G/G
max_fitting_error_skew              11.767/11.767 G/G
r0_for_relative_multipoles          17.5 mm
main_monomial                       n = 0, skew:False
                                       Nn(s=0)      Integ_Nn     Nn/N0(@r0)   |    Sn(s=0)      Integ_Sn     Sn/S0(@r0)  
<multipole_order n>                    [T/m^n]      [T.m/m^n]        []       |    [T/m^n]      [T.m/m^n]        []      
n=00:                                1.1015e+00    -6.6897e-01   +1.0000e+00  |      ---           ---           ---     
n=01:                                2.5108e+00    +1.3261e+00   -3.4690e-02  |      ---           ---           ---     
n=02:                                1.8682e+01    +1.4376e+01   -6.5811e-03  |      ---           ---           ---     
n=03:                                2.4769e+02    -2.2985e+01   +1.8415e-04  |      ---           ---           ---     
n=04:                                7.1872e+04    +9.1462e+03   -1.2823e-03  |      ---           ---           ---     
n=05:                                1.4379e+06    +3.5112e+04   -8.6146e-05  |      ---           ---           ---     
n=06:                                3.5056e+08    -3.0393e+07   +1.3049e-03  |      ---           ---           ---     
