--- multipoles on reference trajectory (rz > 0) ---
effective_length:                   609.6370794332267 mm
perpendicular_grid:                 65 points in [-12.000000,+12.000000] mm
max_fitting_error_normal            0.017/425.729 G/G
max_fitting_error_skew              24.708/24.708 G/G
r0_for_relative_multipoles          17.5 mm
main_monomial                       n = 0, skew:False
                                       Nn(s=0)      Integ_Nn     Nn/N0(@r0)   |    Sn(s=0)      Integ_Sn     Sn/S0(@r0)  
<multipole_order n>                    [T/m^n]      [T.m/m^n]        []       |    [T/m^n]      [T.m/m^n]        []      
n=00:                                4.1077e-02    -2.5042e-02   +1.0000e+00  |      ---           ---           ---     
n=01:                                9.2024e-02    +4.9209e-02   -3.4388e-02  |      ---           ---           ---     
n=02:                                8.4374e-01    +5.2450e-01   -6.4143e-03  |      ---           ---           ---     
n=03:                                3.7723e-01    +6.4718e-01   -1.3850e-04  |      ---           ---           ---     
n=04:                                6.4301e+02    +3.2675e+01   -1.2237e-04  |      ---           ---           ---     
n=05:                                2.1935e+04    +1.7983e+03   -1.1786e-04  |      ---           ---           ---     
n=06:                                3.8110e+06    +2.0918e+05   -2.3993e-04  |      ---           ---           ---     
