--- multipoles on reference trajectory (rz > 0) ---
effective_length:                   606.1080642246832 mm
perpendicular_grid:                 65 points in [-12.000000,+12.000000] mm
max_fitting_error_normal            0.026/629.802 G/G
max_fitting_error_skew              36.234/36.234 G/G
r0_for_relative_multipoles          17.5 mm
main_monomial                       n = 0, skew:False
                                       Nn(s=0)      Integ_Nn     Nn/N0(@r0)   |    Sn(s=0)      Integ_Sn     Sn/S0(@r0)  
<multipole_order n>                    [T/m^n]      [T.m/m^n]        []       |    [T/m^n]      [T.m/m^n]        []      
n=00:                                6.1878e-02    -3.7505e-02   +1.0000e+00  |      ---           ---           ---     
n=01:                                1.3856e-01    +7.3957e-02   -3.4509e-02  |      ---           ---           ---     
n=02:                                1.0861e+00    +7.7433e-01   -6.3229e-03  |      ---           ---           ---     
n=03:                                8.2595e+00    +8.5729e-01   -1.2250e-04  |      ---           ---           ---     
n=04:                                3.0725e+03    +4.4988e+02   -1.1250e-03  |      ---           ---           ---     
n=05:                                2.2565e+03    +2.8281e+03   -1.2376e-04  |      ---           ---           ---     
n=06:                                1.3571e+07    -1.5234e+06   +1.1667e-03  |      ---           ---           ---     
