--- multipoles on reference trajectory (rz > 0) ---
effective_length:                   606.8073240614316 mm
perpendicular_grid:                 65 points in [-12.000000,+12.000000] mm
max_fitting_error_normal            0.014/415.858 G/G
max_fitting_error_skew              23.950/23.950 G/G
r0_for_relative_multipoles          17.5 mm
main_monomial                       n = 0, skew:False
                                       Nn(s=0)      Integ_Nn     Nn/N0(@r0)   |    Sn(s=0)      Integ_Sn     Sn/S0(@r0)  
<multipole_order n>                    [T/m^n]      [T.m/m^n]        []       |    [T/m^n]      [T.m/m^n]        []      
n=00:                                4.1072e-02    -2.4923e-02   +1.0000e+00  |      ---           ---           ---     
n=01:                                9.2115e-02    +4.8954e-02   -3.4374e-02  |      ---           ---           ---     
n=02:                                8.4361e-01    +5.2840e-01   -6.4929e-03  |      ---           ---           ---     
n=03:                                3.6508e-01    +3.0480e-01   -6.5544e-05  |      ---           ---           ---     
n=04:                                6.3192e+02    +1.4816e+01   -5.5755e-05  |      ---           ---           ---     
n=05:                                2.2241e+04    +2.8609e+03   -1.8841e-04  |      ---           ---           ---     
n=06:                                3.7825e+06    +1.9298e+05   -2.2241e-04  |      ---           ---           ---     
