--- multipoles on reference trajectory (rz > 0) ---
effective_length:                   608.366704849485 mm
perpendicular_grid:                 65 points in [-12.000000,+12.000000] mm
max_fitting_error_normal            0.106/3480.488 G/G
max_fitting_error_skew              196.102/196.102 G/G
r0_for_relative_multipoles          17.5 mm
main_monomial                       n = 0, skew:False
                                       Nn(s=0)      Integ_Nn     Nn/N0(@r0)   |    Sn(s=0)      Integ_Sn     Sn/S0(@r0)  
<multipole_order n>                    [T/m^n]      [T.m/m^n]        []       |    [T/m^n]      [T.m/m^n]        []      
n=00:                                3.4184e-01    -2.0796e-01   +1.0000e+00  |      ---           ---           ---     
n=01:                                7.5938e-01    +4.0380e-01   -3.3979e-02  |      ---           ---           ---     
n=02:                                7.2389e+00    +4.4392e+00   -6.5372e-03  |      ---           ---           ---     
n=03:                                4.9142e+01    +1.3618e+01   -3.5096e-04  |      ---           ---           ---     
n=04:                                6.6089e+03    +8.8251e+01   -3.9800e-05  |      ---           ---           ---     
n=05:                                1.0459e+04    -2.0622e+04   +1.6275e-04  |      ---           ---           ---     
n=06:                                3.4554e+07    +1.9386e+06   -2.6775e-04  |      ---           ---           ---     
