--- multipoles on reference trajectory (rz > 0) ---
effective_length:                   611.3345387781827 mm
perpendicular_grid:                 65 points in [-12.000000,+12.000000] mm
max_fitting_error_normal            0.051/1715.029 G/G
max_fitting_error_skew              96.980/96.980 G/G
r0_for_relative_multipoles          17.5 mm
main_monomial                       n = 0, skew:False
                                       Nn(s=0)      Integ_Nn     Nn/N0(@r0)   |    Sn(s=0)      Integ_Sn     Sn/S0(@r0)  
<multipole_order n>                    [T/m^n]      [T.m/m^n]        []       |    [T/m^n]      [T.m/m^n]        []      
n=00:                                1.7055e-01    -1.0426e-01   +1.0000e+00  |      ---           ---           ---     
n=01:                                3.8042e-01    +2.0249e-01   -3.3987e-02  |      ---           ---           ---     
n=02:                                3.3271e+00    +2.1970e+00   -6.4530e-03  |      ---           ---           ---     
n=03:                                1.3497e+01    +4.4976e+00   -2.3118e-04  |      ---           ---           ---     
n=04:                                8.7681e+02    +3.0868e+02   -2.7767e-04  |      ---           ---           ---     
n=05:                                1.3141e+04    -1.1061e+04   +1.7412e-04  |      ---           ---           ---     
n=06:                                2.3483e+06    -1.8717e+05   +5.1562e-05  |      ---           ---           ---     
