--- multipoles on reference trajectory (rz > 0) ---
effective_length:                   605.7755818449928 mm
perpendicular_grid:                 65 points in [-12.000000,+12.000000] mm
max_fitting_error_normal            0.025/510.969 G/G
max_fitting_error_skew              30.302/30.302 G/G
r0_for_relative_multipoles          17.5 mm
main_monomial                       n = 0, skew:False
                                       Nn(s=0)      Integ_Nn     Nn/N0(@r0)   |    Sn(s=0)      Integ_Sn     Sn/S0(@r0)  
<multipole_order n>                    [T/m^n]      [T.m/m^n]        []       |    [T/m^n]      [T.m/m^n]        []      
n=00:                                5.1458e-02    -3.1172e-02   +1.0000e+00  |      ---           ---           ---     
n=01:                                1.1571e-01    +6.1585e-02   -3.4574e-02  |      ---           ---           ---     
n=02:                                9.6511e-01    +6.6351e-01   -6.5187e-03  |      ---           ---           ---     
n=03:                                7.9722e-01    +7.3414e-01   -1.2622e-04  |      ---           ---           ---     
n=04:                                4.0270e+02    +6.3993e+01   -1.9254e-04  |      ---           ---           ---     
n=05:                                2.8977e+04    -1.1856e+03   +6.2427e-05  |      ---           ---           ---     
n=06:                                5.2978e+05    +1.5279e+05   -1.4079e-04  |      ---           ---           ---     
