--- multipoles on reference trajectory (rz > 0) ---
effective_length:                   611.7768022854468 mm
perpendicular_grid:                 65 points in [-12.000000,+12.000000] mm
max_fitting_error_normal            0.088/3180.704 G/G
max_fitting_error_skew              197.662/197.662 G/G
r0_for_relative_multipoles          17.5 mm
main_monomial                       n = 0, skew:False
                                       Nn(s=0)      Integ_Nn     Nn/N0(@r0)   |    Sn(s=0)      Integ_Sn     Sn/S0(@r0)  
<multipole_order n>                    [T/m^n]      [T.m/m^n]        []       |    [T/m^n]      [T.m/m^n]        []      
n=00:                                3.4204e-01    -2.0925e-01   +1.0000e+00  |      ---           ---           ---     
n=01:                                7.6108e-01    +4.0724e-01   -3.4058e-02  |      ---           ---           ---     
n=02:                                6.5321e+00    +4.3782e+00   -6.4077e-03  |      ---           ---           ---     
n=03:                                5.4825e+00    -1.7578e+00   +4.5021e-05  |      ---           ---           ---     
n=04:                                2.4736e+03    +2.5969e+02   -1.1640e-04  |      ---           ---           ---     
n=05:                                1.9454e+05    +4.3403e+04   -3.4044e-04  |      ---           ---           ---     
n=06:                                2.7223e+06    +2.4236e+06   -3.3268e-04  |      ---           ---           ---     
