--- multipoles on reference trajectory (rz > 0) ---
effective_length:                   612.2010801487248 mm
perpendicular_grid:                 65 points in [-12.000000,+12.000000] mm
max_fitting_error_normal            0.215/7173.697 G/G
max_fitting_error_skew              481.401/481.401 G/G
r0_for_relative_multipoles          17.5 mm
main_monomial                       n = 0, skew:False
                                       Nn(s=0)      Integ_Nn     Nn/N0(@r0)   |    Sn(s=0)      Integ_Sn     Sn/S0(@r0)  
<multipole_order n>                    [T/m^n]      [T.m/m^n]        []       |    [T/m^n]      [T.m/m^n]        []      
n=00:                                7.0142e-01    -4.2941e-01   +1.0000e+00  |      ---           ---           ---     
n=01:                                1.5630e+00    +8.3357e-01   -3.3971e-02  |      ---           ---           ---     
n=02:                                1.4451e+01    +9.2215e+00   -6.5767e-03  |      ---           ---           ---     
n=03:                                2.5643e+01    +7.5745e+00   -9.4536e-05  |      ---           ---           ---     
n=04:                                1.4718e+04    -3.0605e+03   +6.6846e-04  |      ---           ---           ---     
n=05:                                2.8887e+05    +1.5472e+04   -5.9138e-05  |      ---           ---           ---     
n=06:                                8.8519e+07    +1.9766e+07   -1.3221e-03  |      ---           ---           ---     
