--- multipoles on reference trajectory (rz > 0) ---
effective_length:                   610.5607833275834 mm
perpendicular_grid:                 65 points in [-10.000000,+10.000000] mm
max_fitting_error_normal            0.026/547.574 G/G
max_fitting_error_skew              0.566/0.566 G/G
r0_for_relative_multipoles          17.5 mm
main_monomial                       n = 0, skew:False
                                       Nn(s=0)      Integ_Nn     Nn/N0(@r0)   |    Sn(s=0)      Integ_Sn     Sn/S0(@r0)  
<multipole_order n>                    [T/m^n]      [T.m/m^n]        []       |    [T/m^n]      [T.m/m^n]        []      
n=00:                                5.3380e-02    -3.2592e-02   +1.0000e+00  |      ---           ---           ---     
n=01:                                1.1957e-01    +6.3576e-02   -3.4137e-02  |      ---           ---           ---     
n=02:                                1.0187e+00    +6.8491e-01   -6.4358e-03  |      ---           ---           ---     
n=03:                                2.4537e+00    -1.5318e-01   +2.5189e-05  |      ---           ---           ---     
n=04:                                5.3267e+02    +2.4949e+02   -7.1794e-04  |      ---           ---           ---     
n=05:                                1.7159e+04    +7.1698e+03   -3.6107e-04  |      ---           ---           ---     
n=06:                                3.5796e+05    -8.8413e+05   +7.7918e-04  |      ---           ---           ---     
