--- multipoles on reference trajectory (rz > 0) ---
effective_length:                   607.2141437085643 mm
perpendicular_grid:                 65 points in [-12.000000,+12.000000] mm
max_fitting_error_normal            0.373/10137.402 G/G
max_fitting_error_skew              573.704/573.704 G/G
r0_for_relative_multipoles          17.5 mm
main_monomial                       n = 0, skew:False
                                       Nn(s=0)      Integ_Nn     Nn/N0(@r0)   |    Sn(s=0)      Integ_Sn     Sn/S0(@r0)  
<multipole_order n>                    [T/m^n]      [T.m/m^n]        []       |    [T/m^n]      [T.m/m^n]        []      
n=00:                                1.0154e+00    -6.1655e-01   +1.0000e+00  |      ---           ---           ---     
n=01:                                2.2419e+00    +1.1908e+00   -3.3799e-02  |      ---           ---           ---     
n=02:                                2.0504e+01    +1.2904e+01   -6.4095e-03  |      ---           ---           ---     
n=03:                                1.6251e+02    +1.9588e+01   -1.7027e-04  |      ---           ---           ---     
n=04:                                1.6317e+04    +1.7552e+03   -2.6700e-04  |      ---           ---           ---     
n=05:                                1.9257e+05    -3.2337e+04   +8.6083e-05  |      ---           ---           ---     
n=06:                                1.0929e+08    +4.7008e+06   -2.1899e-04  |      ---           ---           ---     
