--- multipoles on reference trajectory (rz > 0) ---
effective_length:                   610.4424190783111 mm
perpendicular_grid:                 65 points in [-10.000000,+10.000000] mm
max_fitting_error_normal            0.208/6868.945 G/G
max_fitting_error_skew              8.958/8.958 G/G
r0_for_relative_multipoles          17.5 mm
main_monomial                       n = 0, skew:False
                                       Nn(s=0)      Integ_Nn     Nn/N0(@r0)   |    Sn(s=0)      Integ_Sn     Sn/S0(@r0)  
<multipole_order n>                    [T/m^n]      [T.m/m^n]        []       |    [T/m^n]      [T.m/m^n]        []      
n=00:                                6.7261e-01    -4.1059e-01   +1.0000e+00  |      ---           ---           ---     
n=01:                                1.5171e+00    +8.0748e-01   -3.4416e-02  |      ---           ---           ---     
n=02:                                1.2707e+01    +9.1509e+00   -6.8255e-03  |      ---           ---           ---     
n=03:                                1.0502e+02    -3.1548e+01   +4.1180e-04  |      ---           ---           ---     
n=04:                                1.5362e+04    -9.9153e+02   +2.2649e-04  |      ---           ---           ---     
n=05:                                1.0460e+06    +2.2484e+05   -8.9878e-04  |      ---           ---           ---     
n=06:                                7.1164e+07    +9.5830e+06   -6.7038e-04  |      ---           ---           ---     
