--- multipoles on reference trajectory (rz > 0) ---
effective_length:                   610.1623874389163 mm
perpendicular_grid:                 65 points in [-12.000000,+12.000000] mm
max_fitting_error_normal            0.285/10199.734 G/G
max_fitting_error_skew              581.961/581.961 G/G
r0_for_relative_multipoles          17.5 mm
main_monomial                       n = 0, skew:False
                                       Nn(s=0)      Integ_Nn     Nn/N0(@r0)   |    Sn(s=0)      Integ_Sn     Sn/S0(@r0)  
<multipole_order n>                    [T/m^n]      [T.m/m^n]        []       |    [T/m^n]      [T.m/m^n]        []      
n=00:                                1.0152e+00    -6.1942e-01   +1.0000e+00  |      ---           ---           ---     
n=01:                                2.2534e+00    +1.1926e+00   -3.3694e-02  |      ---           ---           ---     
n=02:                                1.8631e+01    +1.3276e+01   -6.5638e-03  |      ---           ---           ---     
n=03:                                5.2018e+01    -1.9637e+00   +1.6990e-05  |      ---           ---           ---     
n=04:                                2.0150e+04    -1.9039e+03   +2.8828e-04  |      ---           ---           ---     
n=05:                                9.7822e+05    +5.8150e+04   -1.5408e-04  |      ---           ---           ---     
n=06:                                6.9094e+07    +1.8572e+07   -8.6117e-04  |      ---           ---           ---     
