--- multipoles on reference trajectory (rz > 0) ---
effective_length:                   611.6152195988392 mm
perpendicular_grid:                 65 points in [-12.000000,+12.000000] mm
max_fitting_error_normal            0.101/3491.255 G/G
max_fitting_error_skew              193.912/193.912 G/G
r0_for_relative_multipoles          17.5 mm
main_monomial                       n = 0, skew:False
                                       Nn(s=0)      Integ_Nn     Nn/N0(@r0)   |    Sn(s=0)      Integ_Sn     Sn/S0(@r0)  
<multipole_order n>                    [T/m^n]      [T.m/m^n]        []       |    [T/m^n]      [T.m/m^n]        []      
n=00:                                3.4184e-01    -2.0907e-01   +1.0000e+00  |      ---           ---           ---     
n=01:                                7.5938e-01    +4.0469e-01   -3.3874e-02  |      ---           ---           ---     
n=02:                                7.2389e+00    +4.4289e+00   -6.4874e-03  |      ---           ---           ---     
n=03:                                4.9142e+01    +8.4354e+00   -2.1623e-04  |      ---           ---           ---     
n=04:                                6.6089e+03    +7.9228e+01   -3.5541e-05  |      ---           ---           ---     
n=05:                                1.0459e+04    -4.4158e+03   +3.4666e-05  |      ---           ---           ---     
n=06:                                3.4554e+07    +3.3342e+06   -4.5805e-04  |      ---           ---           ---     
