--- multipoles on reference trajectory (rz > 0) ---
effective_length:                   607.3984742561017 mm
perpendicular_grid:                 65 points in [-12.000000,+12.000000] mm
max_fitting_error_normal            0.363/10083.141 G/G
max_fitting_error_skew              588.503/588.503 G/G
r0_for_relative_multipoles          17.5 mm
main_monomial                       n = 0, skew:False
                                       Nn(s=0)      Integ_Nn     Nn/N0(@r0)   |    Sn(s=0)      Integ_Sn     Sn/S0(@r0)  
<multipole_order n>                    [T/m^n]      [T.m/m^n]        []       |    [T/m^n]      [T.m/m^n]        []      
n=00:                                1.0154e+00    -6.1674e-01   +1.0000e+00  |      ---           ---           ---     
n=01:                                2.2437e+00    +1.1904e+00   -3.3779e-02  |      ---           ---           ---     
n=02:                                2.2706e+01    +1.3173e+01   -6.5410e-03  |      ---           ---           ---     
n=03:                                1.5996e+02    +5.6529e+01   -4.9123e-04  |      ---           ---           ---     
n=04:                                4.7217e+04    -3.2285e+03   +4.9096e-04  |      ---           ---           ---     
n=05:                                5.6971e+04    -1.9921e+05   +5.3016e-04  |      ---           ---           ---     
n=06:                                2.2062e+08    +2.6150e+07   -1.2179e-03  |      ---           ---           ---     
