--- multipoles on reference trajectory (rz > 0) ---
effective_length:                   607.6283559149861 mm
perpendicular_grid:                 65 points in [-12.000000,+12.000000] mm
max_fitting_error_normal            0.310/9882.078 G/G
max_fitting_error_skew              546.838/546.838 G/G
r0_for_relative_multipoles          17.5 mm
main_monomial                       n = 0, skew:False
                                       Nn(s=0)      Integ_Nn     Nn/N0(@r0)   |    Sn(s=0)      Integ_Sn     Sn/S0(@r0)  
<multipole_order n>                    [T/m^n]      [T.m/m^n]        []       |    [T/m^n]      [T.m/m^n]        []      
n=00:                                9.6768e-01    -5.8799e-01   +1.0000e+00  |      ---           ---           ---     
n=01:                                2.1421e+00    +1.1357e+00   -3.3800e-02  |      ---           ---           ---     
n=02:                                2.0088e+01    +1.2592e+01   -6.5584e-03  |      ---           ---           ---     
n=03:                                4.3478e+01    -8.2490e-01   +7.5187e-06  |      ---           ---           ---     
n=04:                                1.6989e+04    -2.6713e+03   +4.2610e-04  |      ---           ---           ---     
n=05:                                7.9367e+05    +7.5017e+04   -2.0940e-04  |      ---           ---           ---     
n=06:                                9.0935e+07    +2.0149e+07   -9.8428e-04  |      ---           ---           ---     
