--- multipoles on reference trajectory (rz > 0) ---
effective_length:                   610.6720212894165 mm
perpendicular_grid:                 65 points in [-12.000000,+12.000000] mm
max_fitting_error_normal            0.055/8404.132 G/G
max_fitting_error_skew              0.000/0.000 G/G
r0_for_relative_multipoles          17.5 mm
main_monomial                       n = 0, skew:False
                                       Nn(s=0)      Integ_Nn     Nn/N0(@r0)   |    Sn(s=0)      Integ_Sn     Sn/S0(@r0)  
<multipole_order n>                    [T/m^n]      [T.m/m^n]        []       |    [T/m^n]      [T.m/m^n]        []      
n=00:                                1.0296e+00    -6.2875e-01   +1.0000e+00  |      ---           ---           ---     
n=01:                                2.3006e+00    +1.2382e+00   -3.4463e-02  |      ---           ---           ---     
n=02:                                1.9936e+01    +1.2849e+01   -6.2584e-03  |      ---           ---           ---     
n=03:                                6.9488e+01    +4.9979e+00   -4.2601e-05  |      ---           ---           ---     
n=04:                                4.1148e+03    +1.5128e+03   -2.2566e-04  |      ---           ---           ---     
n=05:                                2.5096e+05    +4.5198e+04   -1.1799e-04  |      ---           ---           ---     
n=06:                                7.0071e+06    +2.7170e+06   -1.2412e-04  |      ---           ---           ---     
