--- multipoles on reference trajectory (rz > 0) ---
effective_length:                   612.2449739294755 mm
perpendicular_grid:                 65 points in [-12.000000,+12.000000] mm
max_fitting_error_normal            0.164/6563.215 G/G
max_fitting_error_skew              452.948/452.948 G/G
r0_for_relative_multipoles          17.5 mm
main_monomial                       n = 0, skew:False
                                       Nn(s=0)      Integ_Nn     Nn/N0(@r0)   |    Sn(s=0)      Integ_Sn     Sn/S0(@r0)  
<multipole_order n>                    [T/m^n]      [T.m/m^n]        []       |    [T/m^n]      [T.m/m^n]        []      
n=00:                                6.6053e-01    -4.0441e-01   +1.0000e+00  |      ---           ---           ---     
n=01:                                1.4716e+00    +7.8425e-01   -3.3937e-02  |      ---           ---           ---     
n=02:                                1.2975e+01    +8.5979e+00   -6.5110e-03  |      ---           ---           ---     
n=03:                                1.3468e+01    -3.3895e+00   +4.4919e-05  |      ---           ---           ---     
n=04:                                1.1815e+03    -1.2330e+02   +2.8595e-05  |      ---           ---           ---     
n=05:                                4.9088e+05    +7.4809e+04   -3.0362e-04  |      ---           ---           ---     
n=06:                                8.9583e+06    +5.4774e+06   -3.8903e-04  |      ---           ---           ---     
