--- multipoles on reference trajectory (rz > 0) ---
effective_length:                   605.3587485044176 mm
perpendicular_grid:                 65 points in [-12.000000,+12.000000] mm
max_fitting_error_normal            0.414/7086.673 G/G
max_fitting_error_skew              592.901/592.901 G/G
r0_for_relative_multipoles          17.5 mm
main_monomial                       n = 0, skew:False
                                       Nn(s=0)      Integ_Nn     Nn/N0(@r0)   |    Sn(s=0)      Integ_Sn     Sn/S0(@r0)  
<multipole_order n>                    [T/m^n]      [T.m/m^n]        []       |    [T/m^n]      [T.m/m^n]        []      
n=00:                                1.0593e+00    -6.4128e-01   +1.0000e+00  |      ---           ---           ---     
n=01:                                2.3602e+00    +1.2526e+00   -3.4184e-02  |      ---           ---           ---     
n=02:                                2.0089e+01    +1.3467e+01   -6.4316e-03  |      ---           ---           ---     
n=03:                                7.7656e+00    -1.7362e+01   +1.4510e-04  |      ---           ---           ---     
n=04:                                7.1858e+03    +1.6345e+03   -2.3906e-04  |      ---           ---           ---     
n=05:                                6.1414e+05    +1.5085e+05   -3.8609e-04  |      ---           ---           ---     
n=06:                                8.2025e+06    +4.3441e+06   -1.9457e-04  |      ---           ---           ---     
