--- multipoles on reference trajectory (rz > 0) ---
effective_length:                   605.2303288803079 mm
perpendicular_grid:                 65 points in [-12.000000,+12.000000] mm
max_fitting_error_normal            0.018/414.575 G/G
max_fitting_error_skew              24.368/24.368 G/G
r0_for_relative_multipoles          17.5 mm
main_monomial                       n = 0, skew:False
                                       Nn(s=0)      Integ_Nn     Nn/N0(@r0)   |    Sn(s=0)      Integ_Sn     Sn/S0(@r0)  
<multipole_order n>                    [T/m^n]      [T.m/m^n]        []       |    [T/m^n]      [T.m/m^n]        []      
n=00:                                4.1051e-02    -2.4845e-02   +1.0000e+00  |      ---           ---           ---     
n=01:                                9.2292e-02    +4.9212e-02   -3.4663e-02  |      ---           ---           ---     
n=02:                                9.0505e-01    +5.3140e-01   -6.5503e-03  |      ---           ---           ---     
n=03:                                3.2568e+00    +2.4950e-01   -5.3820e-05  |      ---           ---           ---     
n=04:                                1.0564e+03    +1.5636e+01   -5.9027e-05  |      ---           ---           ---     
n=05:                                1.0228e+04    +3.9075e+03   -2.5814e-04  |      ---           ---           ---     
n=06:                                4.1565e+06    +2.3280e+05   -2.6914e-04  |      ---           ---           ---     
