--- multipoles on reference trajectory (rz > 0) ---
effective_length:                   609.8231972090839 mm
perpendicular_grid:                 65 points in [-12.000000,+12.000000] mm
max_fitting_error_normal            0.312/10776.856 G/G
max_fitting_error_skew              626.532/626.532 G/G
r0_for_relative_multipoles          17.5 mm
main_monomial                       n = 0, skew:False
                                       Nn(s=0)      Integ_Nn     Nn/N0(@r0)   |    Sn(s=0)      Integ_Sn     Sn/S0(@r0)  
<multipole_order n>                    [T/m^n]      [T.m/m^n]        []       |    [T/m^n]      [T.m/m^n]        []      
n=00:                                1.0609e+00    -6.4694e-01   +1.0000e+00  |      ---           ---           ---     
n=01:                                2.3480e+00    +1.2462e+00   -3.3709e-02  |      ---           ---           ---     
n=02:                                2.1517e+01    +1.3971e+01   -6.6137e-03  |      ---           ---           ---     
n=03:                                6.6423e+01    +1.8775e+01   -1.5553e-04  |      ---           ---           ---     
n=04:                                9.1535e+03    -2.7023e+03   +3.9177e-04  |      ---           ---           ---     
n=05:                                3.3209e+05    -1.1006e+04   +2.7923e-05  |      ---           ---           ---     
n=06:                                6.1013e+07    +2.2248e+07   -9.8777e-04  |      ---           ---           ---     
