--- multipoles on reference trajectory (rz > 0) ---
effective_length:                   611.2381540336725 mm
perpendicular_grid:                 65 points in [-12.000000,+12.000000] mm
max_fitting_error_normal            0.044/1700.347 G/G
max_fitting_error_skew              96.661/96.661 G/G
r0_for_relative_multipoles          17.5 mm
main_monomial                       n = 0, skew:False
                                       Nn(s=0)      Integ_Nn     Nn/N0(@r0)   |    Sn(s=0)      Integ_Sn     Sn/S0(@r0)  
<multipole_order n>                    [T/m^n]      [T.m/m^n]        []       |    [T/m^n]      [T.m/m^n]        []      
n=00:                                1.7059e-01    -1.0427e-01   +1.0000e+00  |      ---           ---           ---     
n=01:                                3.8109e-01    +2.0446e-01   -3.4314e-02  |      ---           ---           ---     
n=02:                                3.2487e+00    +2.1582e+00   -6.3386e-03  |      ---           ---           ---     
n=03:                                4.3756e+00    +2.5661e+00   -1.3189e-04  |      ---           ---           ---     
n=04:                                8.5699e+02    +2.5745e+02   -2.3157e-04  |      ---           ---           ---     
n=05:                                8.1044e+04    +1.7001e+03   -2.6761e-05  |      ---           ---           ---     
n=06:                                1.0182e+06    +7.6031e+05   -2.0943e-04  |      ---           ---           ---     
