--- multipoles on reference trajectory (rz > 0) ---
effective_length:                   608.3542597411537 mm
perpendicular_grid:                 65 points in [-12.000000,+12.000000] mm
max_fitting_error_normal            0.106/3480.830 G/G
max_fitting_error_skew              196.121/196.121 G/G
r0_for_relative_multipoles          17.5 mm
main_monomial                       n = 0, skew:False
                                       Nn(s=0)      Integ_Nn     Nn/N0(@r0)   |    Sn(s=0)      Integ_Sn     Sn/S0(@r0)  
<multipole_order n>                    [T/m^n]      [T.m/m^n]        []       |    [T/m^n]      [T.m/m^n]        []      
n=00:                                3.4188e-01    -2.0799e-01   +1.0000e+00  |      ---           ---           ---     
n=01:                                7.5858e-01    +4.0329e-01   -3.3933e-02  |      ---           ---           ---     
n=02:                                7.2413e+00    +4.4370e+00   -6.5334e-03  |      ---           ---           ---     
n=03:                                5.0043e+01    +1.3584e+01   -3.5002e-04  |      ---           ---           ---     
n=04:                                6.8727e+03    +8.8742e+01   -4.0017e-05  |      ---           ---           ---     
n=05:                                1.7811e+04    -2.1180e+04   +1.6714e-04  |      ---           ---           ---     
n=06:                                3.6120e+07    +1.9705e+06   -2.7212e-04  |      ---           ---           ---     
