--- multipoles on reference trajectory (rz > 0) ---
effective_length:                   609.9212400452797 mm
perpendicular_grid:                 65 points in [-10.000000,+10.000000] mm
max_fitting_error_normal            0.164/5314.954 G/G
max_fitting_error_skew              5.742/5.742 G/G
r0_for_relative_multipoles          17.5 mm
main_monomial                       n = 0, skew:False
                                       Nn(s=0)      Integ_Nn     Nn/N0(@r0)   |    Sn(s=0)      Integ_Sn     Sn/S0(@r0)  
<multipole_order n>                    [T/m^n]      [T.m/m^n]        []       |    [T/m^n]      [T.m/m^n]        []      
n=00:                                5.2565e-01    -3.2060e-01   +1.0000e+00  |      ---           ---           ---     
n=01:                                1.1758e+00    +6.2675e-01   -3.4211e-02  |      ---           ---           ---     
n=02:                                1.1454e+01    +6.8888e+00   -6.5804e-03  |      ---           ---           ---     
n=03:                                1.0489e+02    +2.9314e+01   -4.9002e-04  |      ---           ---           ---     
n=04:                                1.7303e+04    -7.8791e+02   +2.3050e-04  |      ---           ---           ---     
n=05:                                4.7797e+05    -1.6363e+05   +8.3768e-04  |      ---           ---           ---     
n=06:                                9.2192e+07    +6.8751e+06   -6.1595e-04  |      ---           ---           ---     
