--- multipoles on reference trajectory (rz > 0) ---
effective_length:                   608.6610442898888 mm
perpendicular_grid:                 65 points in [-12.000000,+12.000000] mm
max_fitting_error_normal            0.056/1447.468 G/G
max_fitting_error_skew              96.122/96.122 G/G
r0_for_relative_multipoles          17.5 mm
main_monomial                       n = 0, skew:False
                                       Nn(s=0)      Integ_Nn     Nn/N0(@r0)   |    Sn(s=0)      Integ_Sn     Sn/S0(@r0)  
<multipole_order n>                    [T/m^n]      [T.m/m^n]        []       |    [T/m^n]      [T.m/m^n]        []      
n=00:                                1.7064e-01    -1.0386e-01   +1.0000e+00  |      ---           ---           ---     
n=01:                                3.7999e-01    +2.0273e-01   -3.4159e-02  |      ---           ---           ---     
n=02:                                3.5596e+00    +2.2258e+00   -6.5630e-03  |      ---           ---           ---     
n=03:                                1.3915e+01    +3.6622e+00   -1.8898e-04  |      ---           ---           ---     
n=04:                                2.8140e+03    -5.6624e+02   +5.1133e-04  |      ---           ---           ---     
n=05:                                3.2864e+04    -3.8822e+03   +6.1350e-05  |      ---           ---           ---     
n=06:                                1.4370e+07    +4.1503e+06   -1.1478e-03  |      ---           ---           ---     
