--- multipoles on reference trajectory (rz > 0) ---
effective_length:                   611.4275149959211 mm
perpendicular_grid:                 65 points in [-12.000000,+12.000000] mm
max_fitting_error_normal            0.019/524.117 G/G
max_fitting_error_skew              36.958/36.958 G/G
r0_for_relative_multipoles          17.5 mm
main_monomial                       n = 0, skew:False
                                       Nn(s=0)      Integ_Nn     Nn/N0(@r0)   |    Sn(s=0)      Integ_Sn     Sn/S0(@r0)  
<multipole_order n>                    [T/m^n]      [T.m/m^n]        []       |    [T/m^n]      [T.m/m^n]        []      
n=00:                                5.1448e-02    -3.1457e-02   +1.0000e+00  |      ---           ---           ---     
n=01:                                1.1524e-01    +6.1600e-02   -3.4269e-02  |      ---           ---           ---     
n=02:                                1.0198e+00    +6.5170e-01   -6.3447e-03  |      ---           ---           ---     
n=03:                                1.1413e+01    +2.2459e+00   -3.8263e-04  |      ---           ---           ---     
n=04:                                7.1015e+01    +2.2987e+02   -6.8536e-04  |      ---           ---           ---     
n=05:                                2.3596e+04    -6.3317e+03   +3.3037e-04  |      ---           ---           ---     
n=06:                                1.0871e+06    -3.3737e+05   +3.0805e-04  |      ---           ---           ---     
