--- multipoles on reference trajectory (rz > 0) ---
effective_length:                   608.9129982201619 mm
perpendicular_grid:                 65 points in [-12.000000,+12.000000] mm
max_fitting_error_normal            0.094/3424.561 G/G
max_fitting_error_skew              192.003/192.003 G/G
r0_for_relative_multipoles          17.5 mm
main_monomial                       n = 0, skew:False
                                       Nn(s=0)      Integ_Nn     Nn/N0(@r0)   |    Sn(s=0)      Integ_Sn     Sn/S0(@r0)  
<multipole_order n>                    [T/m^n]      [T.m/m^n]        []       |    [T/m^n]      [T.m/m^n]        []      
n=00:                                3.4204e-01    -2.0827e-01   +1.0000e+00  |      ---           ---           ---     
n=01:                                7.6108e-01    +4.0600e-01   -3.4114e-02  |      ---           ---           ---     
n=02:                                6.5321e+00    +4.3373e+00   -6.3777e-03  |      ---           ---           ---     
n=03:                                5.4825e+00    -1.6940e+00   +4.3590e-05  |      ---           ---           ---     
n=04:                                2.4736e+03    +6.5904e+02   -2.9678e-04  |      ---           ---           ---     
n=05:                                1.9454e+05    +4.1999e+04   -3.3097e-04  |      ---           ---           ---     
n=06:                                2.7223e+06    +3.5059e+04   -4.8350e-06  |      ---           ---           ---     
