--- multipoles on reference trajectory (rz > 0) ---
effective_length:                   610.8922901786738 mm
perpendicular_grid:                 65 points in [-12.000000,+12.000000] mm
max_fitting_error_normal            0.023/518.135 G/G
max_fitting_error_skew              29.811/29.811 G/G
r0_for_relative_multipoles          17.5 mm
main_monomial                       n = 0, skew:False
                                       Nn(s=0)      Integ_Nn     Nn/N0(@r0)   |    Sn(s=0)      Integ_Sn     Sn/S0(@r0)  
<multipole_order n>                    [T/m^n]      [T.m/m^n]        []       |    [T/m^n]      [T.m/m^n]        []      
n=00:                                5.1458e-02    -3.1435e-02   +1.0000e+00  |      ---           ---           ---     
n=01:                                1.1571e-01    +6.1670e-02   -3.4332e-02  |      ---           ---           ---     
n=02:                                9.6511e-01    +6.7639e-01   -6.5896e-03  |      ---           ---           ---     
n=03:                                7.9722e-01    +7.3910e-01   -1.2601e-04  |      ---           ---           ---     
n=04:                                4.0270e+02    -6.8070e+01   +2.0309e-04  |      ---           ---           ---     
n=05:                                2.8977e+04    -3.7807e+02   +1.9740e-05  |      ---           ---           ---     
n=06:                                5.2978e+05    +8.4519e+05   -7.7226e-04  |      ---           ---           ---     
