--- multipoles on reference trajectory (rz > 0) ---
effective_length:                   612.1816319859399 mm
perpendicular_grid:                 65 points in [-12.000000,+12.000000] mm
max_fitting_error_normal            0.214/7169.575 G/G
max_fitting_error_skew              481.419/481.419 G/G
r0_for_relative_multipoles          17.5 mm
main_monomial                       n = 0, skew:False
                                       Nn(s=0)      Integ_Nn     Nn/N0(@r0)   |    Sn(s=0)      Integ_Sn     Sn/S0(@r0)  
<multipole_order n>                    [T/m^n]      [T.m/m^n]        []       |    [T/m^n]      [T.m/m^n]        []      
n=00:                                7.0149e-01    -4.2944e-01   +1.0000e+00  |      ---           ---           ---     
n=01:                                1.5617e+00    +8.3311e-01   -3.3950e-02  |      ---           ---           ---     
n=02:                                1.4442e+01    +9.2212e+00   -6.5760e-03  |      ---           ---           ---     
n=03:                                2.6101e+01    +8.0459e+00   -1.0041e-04  |      ---           ---           ---     
n=04:                                1.4658e+04    -3.0434e+03   +6.6467e-04  |      ---           ---           ---     
n=05:                                2.8119e+05    +1.1698e+04   -4.4708e-05  |      ---           ---           ---     
n=06:                                8.7781e+07    +1.9608e+07   -1.3115e-03  |      ---           ---           ---     
