--- multipoles on reference trajectory (rz > 0) ---
effective_length:                   610.3163166758935 mm
perpendicular_grid:                 65 points in [-12.000000,+12.000000] mm
max_fitting_error_normal            0.040/10369.077 G/G
max_fitting_error_skew              0.000/0.000 G/G
r0_for_relative_multipoles          17.5 mm
main_monomial                       n = 0, skew:False
                                       Nn(s=0)      Integ_Nn     Nn/N0(@r0)   |    Sn(s=0)      Integ_Sn     Sn/S0(@r0)  
<multipole_order n>                    [T/m^n]      [T.m/m^n]        []       |    [T/m^n]      [T.m/m^n]        []      
n=00:                                1.0301e+00    -6.2869e-01   +1.0000e+00  |      ---           ---           ---     
n=01:                                2.3038e+00    +1.2408e+00   -3.4538e-02  |      ---           ---           ---     
n=02:                                2.0024e+01    +1.2808e+01   -6.2390e-03  |      ---           ---           ---     
n=03:                                7.3759e+01    +4.3012e-01   -3.6667e-06  |      ---           ---           ---     
n=04:                                3.8490e+03    +1.7384e+03   -2.5934e-04  |      ---           ---           ---     
n=05:                                2.3888e+05    +4.1853e+04   -1.0927e-04  |      ---           ---           ---     
n=06:                                7.9190e+06    +2.7475e+06   -1.2552e-04  |      ---           ---           ---     
