--- multipoles on reference trajectory (rz > 0) ---
effective_length:                   607.4786102498235 mm
perpendicular_grid:                 65 points in [-12.000000,+12.000000] mm
max_fitting_error_normal            0.138/3502.236 G/G
max_fitting_error_skew              196.218/196.218 G/G
r0_for_relative_multipoles          17.5 mm
main_monomial                       n = 0, skew:False
                                       Nn(s=0)      Integ_Nn     Nn/N0(@r0)   |    Sn(s=0)      Integ_Sn     Sn/S0(@r0)  
<multipole_order n>                    [T/m^n]      [T.m/m^n]        []       |    [T/m^n]      [T.m/m^n]        []      
n=00:                                3.4172e-01    -2.0759e-01   +1.0000e+00  |      ---           ---           ---     
n=01:                                7.6261e-01    +4.0665e-01   -3.4281e-02  |      ---           ---           ---     
n=02:                                7.1094e+00    +4.4583e+00   -6.5773e-03  |      ---           ---           ---     
n=03:                                1.8569e+01    +1.0737e+00   -2.7719e-05  |      ---           ---           ---     
n=04:                                6.3709e+03    -8.2827e+02   +3.7422e-04  |      ---           ---           ---     
n=05:                                8.1135e+04    +1.8661e+04   -1.4754e-04  |      ---           ---           ---     
n=06:                                3.4677e+07    +5.6626e+06   -7.8351e-04  |      ---           ---           ---     
