--- multipoles on reference trajectory (rz > 0) ---
effective_length:                   610.114056666864 mm
perpendicular_grid:                 65 points in [-10.000000,+10.000000] mm
max_fitting_error_normal            0.358/8565.246 G/G
max_fitting_error_skew              11.120/11.120 G/G
r0_for_relative_multipoles          17.5 mm
main_monomial                       n = 0, skew:False
                                       Nn(s=0)      Integ_Nn     Nn/N0(@r0)   |    Sn(s=0)      Integ_Sn     Sn/S0(@r0)  
<multipole_order n>                    [T/m^n]      [T.m/m^n]        []       |    [T/m^n]      [T.m/m^n]        []      
n=00:                                8.4033e-01    -5.1270e-01   +1.0000e+00  |      ---           ---           ---     
n=01:                                1.8979e+00    +1.0104e+00   -3.4488e-02  |      ---           ---           ---     
n=02:                                1.7041e+01    +1.1336e+01   -6.7715e-03  |      ---           ---           ---     
n=03:                                9.8836e+01    -3.7866e+01   +3.9582e-04  |      ---           ---           ---     
n=04:                                5.4427e+03    +4.3138e+03   -7.8913e-04  |      ---           ---           ---     
n=05:                                1.4038e+06    +2.6644e+05   -8.5295e-04  |      ---           ---           ---     
n=06:                                7.1178e+07    -2.4394e+07   +1.3666e-03  |      ---           ---           ---     
