--- multipoles on reference trajectory (rz > 0) ---
effective_length:                   611.2154310067709 mm
perpendicular_grid:                 65 points in [-12.000000,+12.000000] mm
max_fitting_error_normal            0.027/634.993 G/G
max_fitting_error_skew              35.645/35.645 G/G
r0_for_relative_multipoles          17.5 mm
main_monomial                       n = 0, skew:False
                                       Nn(s=0)      Integ_Nn     Nn/N0(@r0)   |    Sn(s=0)      Integ_Sn     Sn/S0(@r0)  
<multipole_order n>                    [T/m^n]      [T.m/m^n]        []       |    [T/m^n]      [T.m/m^n]        []      
n=00:                                6.1878e-02    -3.7821e-02   +1.0000e+00  |      ---           ---           ---     
n=01:                                1.3856e-01    +7.4098e-02   -3.4286e-02  |      ---           ---           ---     
n=02:                                1.0861e+00    +7.8911e-01   -6.3897e-03  |      ---           ---           ---     
n=03:                                8.2595e+00    +3.0782e-01   -4.3620e-05  |      ---           ---           ---     
n=04:                                3.0725e+03    +3.6067e+02   -8.9439e-04  |      ---           ---           ---     
n=05:                                2.2565e+03    +5.2412e+03   -2.2745e-04  |      ---           ---           ---     
n=06:                                1.3571e+07    -1.1284e+06   +8.5699e-04  |      ---           ---           ---     
