--- multipoles on reference trajectory (rz > 0) ---
effective_length:                   609.2356464191647 mm
perpendicular_grid:                 65 points in [-12.000000,+12.000000] mm
max_fitting_error_normal            0.012/403.946 G/G
max_fitting_error_skew              24.021/24.021 G/G
r0_for_relative_multipoles          17.5 mm
main_monomial                       n = 0, skew:False
                                       Nn(s=0)      Integ_Nn     Nn/N0(@r0)   |    Sn(s=0)      Integ_Sn     Sn/S0(@r0)  
<multipole_order n>                    [T/m^n]      [T.m/m^n]        []       |    [T/m^n]      [T.m/m^n]        []      
n=00:                                4.1093e-02    -2.5035e-02   +1.0000e+00  |      ---           ---           ---     
n=01:                                9.2296e-02    +4.9469e-02   -3.4580e-02  |      ---           ---           ---     
n=02:                                8.4333e-01    +5.3640e-01   -6.5618e-03  |      ---           ---           ---     
n=03:                                6.2992e-02    +6.1883e-01   -1.3248e-04  |      ---           ---           ---     
n=04:                                4.6482e+02    -9.6417e+01   +3.6121e-04  |      ---           ---           ---     
n=05:                                2.5856e+04    +8.2924e+02   -5.4365e-05  |      ---           ---           ---     
n=06:                                2.1834e+06    +7.0738e+05   -8.1158e-04  |      ---           ---           ---     
