--- multipoles on reference trajectory (rz > 0) ---
effective_length:                   607.5410422865057 mm
perpendicular_grid:                 65 points in [-12.000000,+12.000000] mm
max_fitting_error_normal            0.146/3538.889 G/G
max_fitting_error_skew              188.866/188.866 G/G
r0_for_relative_multipoles          17.5 mm
main_monomial                       n = 0, skew:False
                                       Nn(s=0)      Integ_Nn     Nn/N0(@r0)   |    Sn(s=0)      Integ_Sn     Sn/S0(@r0)  
<multipole_order n>                    [T/m^n]      [T.m/m^n]        []       |    [T/m^n]      [T.m/m^n]        []      
n=00:                                3.4151e-01    -2.0748e-01   +1.0000e+00  |      ---           ---           ---     
n=01:                                7.6233e-01    +4.0748e-01   -3.4369e-02  |      ---           ---           ---     
n=02:                                6.3782e+00    +4.2392e+00   -6.2572e-03  |      ---           ---           ---     
n=03:                                3.9285e+01    +2.1785e+00   -5.6273e-05  |      ---           ---           ---     
n=04:                                2.0366e+03    +1.8424e+03   -8.3281e-04  |      ---           ---           ---     
n=05:                                5.5136e+04    +1.5433e+04   -1.2208e-04  |      ---           ---           ---     
n=06:                                5.6939e+06    -4.8332e+06   +6.6910e-04  |      ---           ---           ---     
