--- multipoles on reference trajectory (rz > 0) ---
effective_length:                   607.4906200568198 mm
perpendicular_grid:                 65 points in [-12.000000,+12.000000] mm
max_fitting_error_normal            0.138/3501.893 G/G
max_fitting_error_skew              196.197/196.197 G/G
r0_for_relative_multipoles          17.5 mm
main_monomial                       n = 0, skew:False
                                       Nn(s=0)      Integ_Nn     Nn/N0(@r0)   |    Sn(s=0)      Integ_Sn     Sn/S0(@r0)  
<multipole_order n>                    [T/m^n]      [T.m/m^n]        []       |    [T/m^n]      [T.m/m^n]        []      
n=00:                                3.4168e-01    -2.0757e-01   +1.0000e+00  |      ---           ---           ---     
n=01:                                7.6340e-01    +4.0716e-01   -3.4328e-02  |      ---           ---           ---     
n=02:                                7.1188e+00    +4.4591e+00   -6.5791e-03  |      ---           ---           ---     
n=03:                                1.7372e+01    +9.5216e-01   -2.4585e-05  |      ---           ---           ---     
n=04:                                6.5049e+03    -8.3724e+02   +3.7831e-04  |      ---           ---           ---     
n=05:                                9.1120e+04    +2.0105e+04   -1.5898e-04  |      ---           ---           ---     
n=06:                                3.5603e+07    +5.7470e+06   -7.9527e-04  |      ---           ---           ---     
