--- multipoles on reference trajectory (rz > 0) ---
effective_length:                   607.4623077009849 mm
perpendicular_grid:                 65 points in [-12.000000,+12.000000] mm
max_fitting_error_normal            0.326/10214.588 G/G
max_fitting_error_skew              572.808/572.808 G/G
r0_for_relative_multipoles          17.5 mm
main_monomial                       n = 0, skew:False
                                       Nn(s=0)      Integ_Nn     Nn/N0(@r0)   |    Sn(s=0)      Integ_Sn     Sn/S0(@r0)  
<multipole_order n>                    [T/m^n]      [T.m/m^n]        []       |    [T/m^n]      [T.m/m^n]        []      
n=00:                                1.0148e+00    -6.1647e-01   +1.0000e+00  |      ---           ---           ---     
n=01:                                2.2542e+00    +1.1915e+00   -3.3822e-02  |      ---           ---           ---     
n=02:                                2.0603e+01    +1.3141e+01   -6.5282e-03  |      ---           ---           ---     
n=03:                                8.0625e+00    +7.1215e+00   -6.1911e-05  |      ---           ---           ---     
n=04:                                1.2129e+04    +1.1051e+03   -1.6813e-04  |      ---           ---           ---     
n=05:                                4.5287e+05    +1.1978e+04   -3.1890e-05  |      ---           ---           ---     
n=06:                                7.7291e+07    +2.6692e+06   -1.2436e-04  |      ---           ---           ---     
