--- multipoles on reference trajectory (rz > 0) ---
effective_length:                   605.8137416893089 mm
perpendicular_grid:                 65 points in [-12.000000,+12.000000] mm
max_fitting_error_normal            0.338/10112.428 G/G
max_fitting_error_skew              567.705/567.705 G/G
r0_for_relative_multipoles          17.5 mm
main_monomial                       n = 0, skew:False
                                       Nn(s=0)      Integ_Nn     Nn/N0(@r0)   |    Sn(s=0)      Integ_Sn     Sn/S0(@r0)  
<multipole_order n>                    [T/m^n]      [T.m/m^n]        []       |    [T/m^n]      [T.m/m^n]        []      
n=00:                                1.0146e+00    -6.1466e-01   +1.0000e+00  |      ---           ---           ---     
n=01:                                2.2565e+00    +1.2001e+00   -3.4167e-02  |      ---           ---           ---     
n=02:                                1.9390e+01    +1.2911e+01   -6.4329e-03  |      ---           ---           ---     
n=03:                                1.1866e+02    +1.3676e+01   -1.1924e-04  |      ---           ---           ---     
n=04:                                8.4084e+03    +1.5074e+03   -2.3001e-04  |      ---           ---           ---     
n=05:                                3.6044e+04    +1.0696e+03   -2.8562e-06  |      ---           ---           ---     
n=06:                                2.3442e+07    +9.3658e+05   -4.3766e-05  |      ---           ---           ---     
