--- multipoles on reference trajectory (rz > 0) ---
effective_length:                   609.6493269832456 mm
perpendicular_grid:                 65 points in [-12.000000,+12.000000] mm
max_fitting_error_normal            0.017/425.692 G/G
max_fitting_error_skew              24.706/24.706 G/G
r0_for_relative_multipoles          17.5 mm
main_monomial                       n = 0, skew:False
                                       Nn(s=0)      Integ_Nn     Nn/N0(@r0)   |    Sn(s=0)      Integ_Sn     Sn/S0(@r0)  
<multipole_order n>                    [T/m^n]      [T.m/m^n]        []       |    [T/m^n]      [T.m/m^n]        []      
n=00:                                4.1072e-02    -2.5040e-02   +1.0000e+00  |      ---           ---           ---     
n=01:                                9.2115e-02    +4.9269e-02   -3.4434e-02  |      ---           ---           ---     
n=02:                                8.4361e-01    +5.2456e-01   -6.4156e-03  |      ---           ---           ---     
n=03:                                3.6508e-01    +6.6000e-01   -1.4126e-04  |      ---           ---           ---     
n=04:                                6.3192e+02    +3.4694e+01   -1.2995e-04  |      ---           ---           ---     
n=05:                                2.2241e+04    +1.8310e+03   -1.2002e-04  |      ---           ---           ---     
n=06:                                3.7825e+06    +2.0036e+05   -2.2983e-04  |      ---           ---           ---     
