--- multipoles on reference trajectory (rz > 0) ---
effective_length:                   605.1632550389992 mm
perpendicular_grid:                 65 points in [-12.000000,+12.000000] mm
max_fitting_error_normal            0.016/412.876 G/G
max_fitting_error_skew              24.469/24.469 G/G
r0_for_relative_multipoles          17.5 mm
main_monomial                       n = 0, skew:False
                                       Nn(s=0)      Integ_Nn     Nn/N0(@r0)   |    Sn(s=0)      Integ_Sn     Sn/S0(@r0)  
<multipole_order n>                    [T/m^n]      [T.m/m^n]        []       |    [T/m^n]      [T.m/m^n]        []      
n=00:                                4.1057e-02    -2.4846e-02   +1.0000e+00  |      ---           ---           ---     
n=01:                                9.2835e-02    +4.9304e-02   -3.4726e-02  |      ---           ---           ---     
n=02:                                7.9754e-01    +5.4494e-01   -6.7168e-03  |      ---           ---           ---     
n=03:                                5.7478e+00    -7.5383e-01   +1.6260e-04  |      ---           ---           ---     
n=04:                                3.9899e+02    -5.0936e+01   +1.9227e-04  |      ---           ---           ---     
n=05:                                4.3481e+04    +6.5352e+03   -4.3171e-04  |      ---           ---           ---     
n=06:                                8.2909e+05    +4.4006e+05   -5.0872e-04  |      ---           ---           ---     
