--- multipoles on reference trajectory (rz > 0) ---
effective_length:                   610.30456105212 mm
perpendicular_grid:                 65 points in [-12.000000,+12.000000] mm
max_fitting_error_normal            0.040/10369.811 G/G
max_fitting_error_skew              0.000/0.000 G/G
r0_for_relative_multipoles          17.5 mm
main_monomial                       n = 0, skew:False
                                       Nn(s=0)      Integ_Nn     Nn/N0(@r0)   |    Sn(s=0)      Integ_Sn     Sn/S0(@r0)  
<multipole_order n>                    [T/m^n]      [T.m/m^n]        []       |    [T/m^n]      [T.m/m^n]        []      
n=00:                                1.0302e+00    -6.2875e-01   +1.0000e+00  |      ---           ---           ---     
n=01:                                2.3015e+00    +1.2393e+00   -3.4494e-02  |      ---           ---           ---     
n=02:                                2.0012e+01    +1.2808e+01   -6.2383e-03  |      ---           ---           ---     
n=03:                                7.2913e+01    +3.5260e-02   -3.0055e-07  |      ---           ---           ---     
n=04:                                3.7920e+03    +1.7296e+03   -2.5799e-04  |      ---           ---           ---     
n=05:                                2.3611e+05    +4.0899e+04   -1.0676e-04  |      ---           ---           ---     
n=06:                                7.8610e+06    +2.7314e+06   -1.2478e-04  |      ---           ---           ---     
